1.305160 0.048367 0.034525
1.298458	-0.370794
1.296640	-0.370275
1.302425	-0.364256
1.300604	-0.363747
1.306354	-0.357684
1.304529	-0.357184
1.310243	-0.351078
1.302931	-0.349119
1.308415	-0.350589
1.306768	-0.342519
1.306768	-0.342519
1.310565	-0.335886
1.310565	-0.335886
1.310565	-0.335886
1.316260	-0.329706
1.310648	-0.328300
1.316260	-0.329706
1.310648	-0.328300
1.312612	-0.321194
1.316293	-0.322095
1.319974	-0.322995
1.310680	-0.320721
1.316293	-0.322095
1.316273	-0.314491
1.319959	-0.315372
1.314430	-0.314051
1.316273	-0.314491
1.319959	-0.315372
1.312511	-0.306035
1.314356	-0.306465
1.318047	-0.307325
1.319893	-0.307756
1.314356	-0.306465
1.316078	-0.299307
1.317926	-0.299728
1.316078	-0.299307
1.314230	-0.298887
1.317926	-0.299728
1.314052	-0.291318
1.314052	-0.291318
1.319604	-0.292549
1.317753	-0.292139
1.314052	-0.291318
1.317529	-0.284559
1.317529	-0.284559
1.315676	-0.284159
1.315676	-0.284159
1.317529	-0.284559
1.309834	-0.275428
1.315398	-0.276598
1.319108	-0.277378
1.319108	-0.277378
1.315398	-0.276598
1.313210	-0.268668
1.318782	-0.269808
1.315067	-0.269048
1.315067	-0.269048
1.318782	-0.269808
1.312827	-0.261137
1.314686	-0.261507
1.318405	-0.262247
1.318405	-0.262247
1.314686	-0.261507
1.316114	-0.254337
1.317976	-0.254697
1.314253	-0.253977
1.314253	-0.253977
1.317976	-0.254697
1.310041	-0.245759
1.311905	-0.246109
1.317496	-0.247158
1.317496	-0.247158
1.311905	-0.246109
1.313232	-0.238951
1.315098	-0.239290
1.313232	-0.238951
1.313232	-0.238951
1.315098	-0.239290
1.310777	-0.231125
1.312644	-0.231455
1.316380	-0.232113
1.316380	-0.232113
1.312644	-0.231455
1.313875	-0.224290
1.315745	-0.224609
1.312006	-0.223970
1.312006	-0.223970
1.315745	-0.224609
1.309444	-0.216190
1.311316	-0.216499
1.313187	-0.216808
1.310537	-0.209034
1.312410	-0.209333
1.312448	-0.209339
1.312448	-0.209339
1.312410	-0.209333
1.313487	-0.202165
1.315363	-0.202454
1.311611	-0.201876
1.311611	-0.201876
1.315363	-0.202454
1.308883	-0.194154
1.310761	-0.194433
1.314516	-0.194990
1.314516	-0.194990
1.310761	-0.194433
1.311738	-0.187272
1.313618	-0.187540
1.311738	-0.187272
1.311738	-0.187272
1.313618	-0.187540
1.308906	-0.179589
1.310788	-0.179847
1.307026	-0.179331
1.314551	-0.180363
1.310788	-0.179847
1.311669	-0.172684
1.313552	-0.172932
1.309785	-0.172436
1.309785	-0.172436
1.313552	-0.172932
1.310617	-0.165279
1.312502	-0.165516
1.310617	-0.165279
1.312502	-0.165516
1.310617	-0.165279
1.313288	-0.158344
1.315175	-0.158571
1.313288	-0.158344
1.313288	-0.158344
1.313288	-0.158344
1.310250	-0.150732
1.312138	-0.150949
1.308362	-0.150515
1.310134	-0.150719
1.312138	-0.150949
1.307033	-0.143143
1.308923	-0.143350
1.312703	-0.143764
1.312703	-0.143764
1.308923	-0.143350
1.309552	-0.136195
1.311444	-0.136392
1.309552	-0.136195
1.309552	-0.136195
1.311444	-0.136392
1.308241	-0.128850
1.310134	-0.129037
1.312027	-0.129223
1.312027	-0.129223
1.310134	-0.129037
1.310667	-0.121875
1.312562	-0.122051
1.310667	-0.121875
1.310667	-0.121875
1.312562	-0.122051
1.309258	-0.114545
1.311153	-0.114711
1.313050	-0.114877
1.313050	-0.114877
1.309258	-0.114545
1.311592	-0.107544
1.311592	-0.107544
1.311592	-0.107544
1.311592	-0.107544
1.308185	-0.100085
1.310083	-0.100230
1.307998	-0.100071
1.307998	-0.100071
1.310083	-0.100230
1.308329	-0.092922
1.308329	-0.092922
1.310229	-0.093056
1.310229	-0.093056
1.306429	-0.092787
1.310513	-0.085895
1.310513	-0.085895
1.308612	-0.085771
1.310513	-0.085895
1.308612	-0.085771
1.306944	-0.078505
1.308847	-0.078619
1.305042	-0.078391
1.312653	-0.078848
1.308847	-0.078619
1.309034	-0.071467
1.310938	-0.071571
1.307130	-0.071363
1.307130	-0.071363
1.310938	-0.071571
1.307268	-0.064222
1.307268	-0.064222
1.305364	-0.064128
1.307028	-0.064210
1.307268	-0.064222
1.305203	-0.056986
1.307109	-0.057070
1.305203	-0.056986
1.309015	-0.057153
1.307109	-0.057070
1.307142	-0.049930
1.309049	-0.050002
1.307142	-0.049930
1.307142	-0.049930
1.309049	-0.050002
1.305219	-0.042728
1.307127	-0.042791
1.305219	-0.042728
1.309035	-0.042853
1.307127	-0.042791
1.307064	-0.035654
1.308974	-0.035706
1.307064	-0.035654
1.307064	-0.035654
1.308974	-0.035706
1.306954	-0.028518
1.306954	-0.028518
1.305044	-0.028476
1.306659	-0.028511
1.306954	-0.028518
1.306491	-0.021379
1.306491	-0.021379
1.308402	-0.021411
1.308402	-0.021411
1.310314	-0.021442
1.308187	-0.014270
1.308187	-0.014270
1.308187	-0.014270
1.308187	-0.014270
1.308187	-0.014270
1.307924	-0.007134
1.307924	-0.007134
1.309507	-0.007142
1.309507	-0.007142
1.309507	-0.007142
1.305359	0.000000
1.311102	0.000000
1.311102	0.000000
1.311102	0.000000
1.306904	0.007128
1.303425	0.007109
1.308819	0.007139
1.306904	0.007128
1.304990	0.007118
1.304573	0.014231
1.304573	0.014231
1.310319	0.014294
1.308403	0.014273
1.306488	0.014252
1.306023	0.021372
1.306023	0.021372
1.307939	0.021403
1.307939	0.021403
1.306023	0.021372
1.305511	0.028486
1.303595	0.028445
1.308959	0.028562
1.305125	0.028478
1.305125	0.028478
1.304555	0.035585
1.304555	0.035585
1.310308	0.035742
1.306473	0.035637
1.306473	0.035637
1.305855	0.042749
1.305855	0.042749
1.305855	0.042749
1.305855	0.042749
1.305855	0.042749
1.305190	0.049855
1.305190	0.049855
1.305190	0.049855
1.306687	0.049912
1.306687	0.049912
1.311722	0.057271
1.311722	0.057271
1.307883	0.057103
1.307883	0.057103
1.307883	0.057103
1.312873	0.064497
1.312873	0.064497
1.309033	0.064309
1.312873	0.064497
1.312873	0.064497
1.315441	0.071817
1.317362	0.071922
1.317362	0.071922
1.317362	0.071922
1.317362	0.071922
1.320330	0.079310
1.322252	0.079425
1.318408	0.079194
1.318408	0.079194
1.318408	0.079194
1.326618	0.086951
1.326618	0.086951
1.322771	0.086699
1.324695	0.086825
1.324695	0.086825
1.327560	0.094287
1.327560	0.094287
1.325636	0.094151
1.327560	0.094287
1.329483	0.094424
1.331797	0.101892
1.333721	0.102039
1.326530	0.101489
1.333721	0.102039
1.333721	0.102039
1.332633	0.109270
1.336482	0.109585
1.332633	0.109270
1.334557	0.109428
1.334557	0.109428
1.338665	0.117118
1.342517	0.117455
1.338665	0.117118
1.338665	0.117118
1.338665	0.117118
1.341319	0.124726
1.343245	0.124905
1.341319	0.124726
1.343245	0.124905
1.343245	0.124905
1.347223	0.132690
1.347223	0.132690
1.345297	0.132500
1.347223	0.132690
1.349149	0.132880
1.347843	0.140178
1.347843	0.140178
1.345917	0.139978
1.347843	0.140178
1.349770	0.140378
1.353615	0.148245
1.355542	0.148456
1.351688	0.148034
1.355542	0.148456
1.355542	0.148456
1.357979	0.156223
1.359906	0.156445
1.357979	0.156223
1.359906	0.156445
1.359906	0.156445
1.363617	0.164412
1.365545	0.164645
1.363617	0.164412
1.365545	0.164645
1.365545	0.164645
1.364017	0.172013
1.365944	0.172256
1.364017	0.172013
1.365944	0.172256
1.365944	0.172256
1.381086	0.181824
1.375301	0.181062
1.369519	0.180301
1.375301	0.181062
1.369519	0.180301
1.354398	0.185831
1.360175	0.186623
1.367879	0.187680
1.375587	0.188738
1.365953	0.187416
1.354640	0.193397
1.360415	0.194221
1.365537	0.194953
1.360415	0.194221
1.361685	0.194403
1.363790	0.202299
1.361865	0.202014
1.365715	0.202585
1.361865	0.202014
1.361865	0.202014
1.356223	0.208743
1.354299	0.208447
1.358146	0.209039
1.354299	0.208447
1.354299	0.208447
1.356304	0.216334
1.354381	0.216028
1.358227	0.216641
1.354381	0.216028
1.354381	0.216028
1.348649	0.222663
1.346727	0.222346
1.350570	0.222980
1.346727	0.222346
1.346727	0.222346
1.342160	0.229118
1.342160	0.229118
1.346001	0.229774
1.342160	0.229118
1.342160	0.229118
1.342089	0.236647
1.342089	0.236647
1.345927	0.237324
1.342089	0.236647
1.342089	0.236647
1.336213	0.243132
1.334296	0.242784
1.338131	0.243481
1.341966	0.244179
1.334296	0.242784
1.336044	0.250637
1.334128	0.250278
1.337960	0.250997
1.334128	0.250278
1.334128	0.250278
1.330080	0.257036
1.328166	0.256666
1.330080	0.257036
1.330080	0.257036
1.328166	0.256666
1.325220	0.263603
1.323307	0.263222
1.327134	0.263983
1.323307	0.263222
1.323307	0.263222
1.324899	0.271059
1.322986	0.270668
1.326811	0.271450
1.322986	0.270668
1.322986	0.270668
1.318795	0.277313
1.316885	0.276911
1.320706	0.277715
1.316885	0.276911
1.316885	0.276911
1.311847	0.283332
1.309939	0.282920
1.315665	0.284157
1.309939	0.282920
1.309939	0.282920
1.311376	0.290725
1.309469	0.290303
1.315191	0.291571
1.309469	0.290303
1.309469	0.290303
1.307045	0.297253
1.305139	0.296820
1.307045	0.297253
1.305139	0.296820
1.303234	0.296387
1.299926	0.303100
1.304574	0.304184
1.301830	0.303544
1.299926	0.303100
1.299926	0.303100
1.299306	0.310437
1.296352	0.309732
1.301208	0.310892
1.299306	0.310437
1.299306	0.310437
1.296736	0.317309
1.298637	0.317774
1.296736	0.317309
1.298637	0.317774
1.298637	0.317774
1.296019	0.324636
1.297917	0.325112
1.296019	0.324636
1.297917	0.325112
1.297044	0.324893
1.296267	0.332222
1.298164	0.332708
1.298164	0.332708
1.298164	0.332708
1.296267	0.332222
1.297336	0.340047
1.297336	0.340047
1.297336	0.340047
1.297336	0.340047
1.297336	0.340047
1.297446	0.347650
1.297446	0.347650
1.297446	0.347650
1.297446	0.347650
1.297446	0.347650
1.296509	0.354989
1.296509	0.354989
1.296509	0.354989
1.296509	0.354989
1.296509	0.354989
1.296482	0.362594
1.296482	0.362594
1.296482	0.362594
1.296482	0.362594
1.296482	0.362594
1.295436	0.369932
1.295436	0.369932
1.295436	0.369932
1.295436	0.369932
1.295272	0.377537
1.297158	0.378087
1.294116	0.384871
1.296000	0.385431
