1.038417 0.224477 0.017083
0.512844	-0.435115
0.517087	-0.433888
0.502982	-0.422052
0.521331	-0.432625
0.507162	-0.420867
0.507162	-0.420867
0.525575	-0.431328
0.511342	-0.419648
0.511342	-0.419648
0.514302	-0.417403
0.517420	-0.419934
0.521606	-0.418633
0.518475	-0.416120
0.525792	-0.417298
0.522648	-0.414803
0.524558	-0.416318
0.521417	-0.413826
0.529976	-0.415928
0.531218	-0.416902
0.528736	-0.414955
0.525583	-0.412480
0.531218	-0.416902
0.534159	-0.414523
0.537328	-0.416982
0.537328	-0.416982
0.529748	-0.411100
0.537328	-0.416982
0.541521	-0.415524
0.541521	-0.415524
0.541521	-0.415524
0.545962	-0.418932
0.541521	-0.415524
0.551439	-0.418375
0.550172	-0.417414
0.550172	-0.417414
0.550172	-0.417414
0.551439	-0.418375
0.554379	-0.415861
0.554379	-0.415861
0.558864	-0.419226
0.555651	-0.416816
0.554379	-0.415861
0.558582	-0.414273
0.558582	-0.414273
0.563085	-0.417612
0.559861	-0.415221
0.558582	-0.414273
0.567304	-0.415964
0.562783	-0.412650
0.567304	-0.415964
0.567304	-0.415964
0.568593	-0.416909
0.571518	-0.414281
0.566981	-0.410991
0.568933	-0.412407
0.570225	-0.413343
0.575729	-0.412562
0.574430	-0.411631
0.573132	-0.410701
0.569879	-0.408369
0.574430	-0.411631
0.578630	-0.409883
0.578630	-0.409883
0.577327	-0.408959
0.576025	-0.408037
0.578630	-0.409883
0.582827	-0.408099
0.582827	-0.408099
0.581517	-0.407182
0.582827	-0.408099
1.032661	-0.176284
1.041680	-0.177824
1.030871	-0.175978
1.035458	-0.170955
1.044484	-0.172445
1.033666	-0.170659
1.040061	-0.165893
1.043693	-0.166472
1.049093	-0.167333
1.038264	-0.165606
1.042785	-0.160500
1.046416	-0.161059
1.041890	-0.154550
1.047299	-0.155352
1.049104	-0.155620
1.041872	-0.154547
1.041890	-0.154550
1.044533	-0.149124
1.049950	-0.149897
1.051757	-0.150155
1.046338	-0.149382
1.044533	-0.149124
1.047140	-0.143673
1.045333	-0.143425
1.047140	-0.143673
1.048948	-0.143921
1.047140	-0.143673
1.049713	-0.138197
1.047903	-0.137959
1.049713	-0.138197
1.047903	-0.137959
1.049713	-0.138197
1.046815	-0.132011
1.045004	-0.131783
1.048626	-0.132240
1.043195	-0.131555
1.047465	-0.126293
1.043872	-0.125860
1.045684	-0.126079
1.046324	-0.120370
1.049913	-0.120783
1.046324	-0.120370
1.046324	-0.120370
1.040884	-0.119744
1.045058	-0.114452
1.048691	-0.114850
1.048691	-0.114850
1.041479	-0.114060
1.043293	-0.114259
1.047426	-0.108934
1.051063	-0.109312
1.051063	-0.109312
1.043850	-0.108562
1.043850	-0.108562
1.046117	-0.103033
1.046117	-0.103033
1.044298	-0.102854
1.040732	-0.102503
1.040662	-0.102496
1.048409	-0.097489
1.048409	-0.097489
1.046587	-0.097319
1.042946	-0.096981
1.042946	-0.096981
1.045194	-0.091443
1.043372	-0.091283
1.043372	-0.091283
1.045194	-0.091443
1.039731	-0.090965
1.045478	-0.085724
1.045582	-0.085733
1.045582	-0.085733
1.041936	-0.085434
1.041936	-0.085434
1.047644	-0.080152
1.042281	-0.079742
1.042281	-0.079742
1.044105	-0.079881
1.040457	-0.079602
1.044289	-0.074169
1.042463	-0.074039
1.040761	-0.073918
1.042586	-0.074048
1.046376	-0.068583
1.044547	-0.068463
1.041024	-0.068232
1.040891	-0.068223
1.041024	-0.068232
1.044764	-0.062757
1.041106	-0.062537
1.041106	-0.062537
1.042935	-0.062647
1.039277	-0.062427
1.046773	-0.057149
1.043110	-0.056949
1.043110	-0.056949
1.041280	-0.056849
1.041280	-0.056849
1.043246	-0.051251
1.043246	-0.051251
1.041414	-0.051161
1.043246	-0.051251
1.039583	-0.051071
1.043164	-0.045546
1.041330	-0.045465
1.041330	-0.045465
1.041509	-0.045473
1.041509	-0.045473
1.045046	-0.039918
1.043210	-0.039848
1.043210	-0.039848
1.041375	-0.039778
1.039729	-0.039715
1.043216	-0.034151
1.041380	-0.034091
1.041380	-0.034091
1.043216	-0.034151
1.039545	-0.034031
1.045020	-0.028506
1.043182	-0.028455
1.043182	-0.028455
1.041345	-0.028405
1.041345	-0.028405
1.043108	-0.022761
1.043108	-0.022761
1.041269	-0.022720
1.041045	-0.022716
1.041269	-0.022720
1.044601	-0.017094
1.042760	-0.017064
1.040920	-0.017034
1.042760	-0.017064
1.039081	-0.017003
1.046280	-0.011413
1.044438	-0.011393
1.042596	-0.011373
1.040755	-0.011353
1.040755	-0.011353
1.042392	-0.005685
1.042392	-0.005685
1.040550	-0.005675
1.042392	-0.005685
1.040550	-0.005675
1.043722	0.000000
1.041877	0.000000
1.041877	0.000000
1.042147	0.000000
1.040033	0.000000
1.045274	0.005701
1.043429	0.005691
1.043429	0.005691
1.043429	0.005691
1.041583	0.005681
1.043095	0.011379
1.041249	0.011359
1.041249	0.011359
1.044942	0.011399
1.041249	0.011359
1.042415	0.017058
1.042721	0.017063
1.042721	0.017063
1.040874	0.017033
1.042721	0.017063
1.043840	0.022777
1.045690	0.022817
1.040459	0.022703
1.040143	0.022696
1.038612	0.022663
1.041527	0.028410
1.041527	0.028410
1.041527	0.028410
1.041527	0.028410
1.039678	0.028360
1.042531	0.034129
1.042873	0.034140
1.042873	0.034140
1.039173	0.034019
1.041023	0.034080
1.043830	0.039872
1.040479	0.039744
1.040479	0.039744
1.040126	0.039730
1.038629	0.039673
1.041385	0.045468
1.039532	0.045387
1.039532	0.045387
1.041385	0.045468
1.039532	0.045387
1.042225	0.051201
1.040371	0.051110
1.040371	0.051110
1.038898	0.051038
1.040751	0.051129
1.043398	0.056965
1.041543	0.056864
1.041543	0.056864
1.039688	0.056763
1.038224	0.056683
1.040820	0.062520
1.040820	0.062520
1.038965	0.062409
1.040820	0.062520
1.038965	0.062409
1.041497	0.068263
1.039641	0.068142
1.039641	0.068142
1.040057	0.068169
1.039641	0.068142
1.042542	0.074045
1.040685	0.073913
1.040685	0.073913
1.040685	0.073913
1.040685	0.073913
1.041690	0.079697
1.039832	0.079555
1.039832	0.079555
1.041690	0.079697
1.039832	0.079555
1.042205	0.085456
1.040346	0.085304
1.040346	0.085304
1.038940	0.085188
1.038487	0.085151
1.043122	0.091261
1.041263	0.091099
1.041263	0.091099
1.039404	0.090936
1.039404	0.090936
1.040281	0.096733
1.040281	0.096733
1.038422	0.096560
1.039803	0.096689
1.038422	0.096560
1.040632	0.102493
1.040632	0.102493
1.040632	0.102493
1.040632	0.102493
1.038772	0.102310
1.040917	0.108257
1.040917	0.108257
1.040917	0.108257
1.039561	0.108116
1.039561	0.108116
1.041659	0.114080
1.041659	0.114080
1.041659	0.114080
1.039797	0.113876
1.038450	0.113729
1.040499	0.119700
1.040499	0.119700
1.038637	0.119486
1.040499	0.119700
1.038637	0.119486
1.040621	0.125468
1.040621	0.125468
1.038758	0.125244
1.039299	0.125309
1.038758	0.125244
1.041235	0.131308
1.041235	0.131308
1.039372	0.131073
1.039372	0.131073
1.039372	0.131073
1.039945	0.136912
1.041242	0.137082
1.038083	0.136666
1.039378	0.136837
1.038083	0.136666
1.039904	0.142680
1.039904	0.142680
1.039904	0.142680
1.039904	0.142680
1.039904	0.142680
1.040389	0.148533
1.039796	0.148448
1.039796	0.148448
1.038526	0.148267
1.039796	0.148448
1.042098	0.154581
1.040234	0.154304
1.040234	0.154304
1.040234	0.154304
1.040234	0.154304
1.040631	0.160168
1.040631	0.160168
1.038766	0.159882
1.040012	0.160073
1.038766	0.159882
1.040361	0.165940
1.040361	0.165940
1.040361	0.165940
1.040361	0.165940
1.040361	0.165940
1.040024	0.171709
1.040669	0.171815
1.040024	0.171709
1.038804	0.171507
1.040024	0.171709
1.040284	0.177586
1.040284	0.177586
1.040284	0.177586
1.038419	0.177267
1.040284	0.177586
1.040504	0.183469
1.039834	0.183351
1.040504	0.183469
1.038639	0.183140
1.038639	0.183140
1.040005	0.189235
1.040005	0.189235
1.040005	0.189235
1.040005	0.189235
1.040005	0.189235
1.040135	0.195126
1.040135	0.195126
1.040135	0.195126
1.040135	0.195126
1.039440	0.194995
1.041387	0.201247
1.041387	0.201247
1.041387	0.201247
1.039522	0.200886
1.039522	0.200886
1.039563	0.206782
1.040708	0.207010
1.039563	0.206782
1.039563	0.206782
1.039563	0.206782
1.040700	0.212915
1.040700	0.212915
1.038836	0.212534
1.040700	0.212915
1.039964	0.212765
1.039907	0.218669
1.041772	0.219061
1.039907	0.218669
1.039907	0.218669
1.039907	0.218669
1.039810	0.224577
1.039810	0.224577
1.039810	0.224577
1.039810	0.224577
1.039810	0.224577
1.042630	0.231146
1.042630	0.231146
1.042630	0.231146
1.042630	0.231146
1.044495	0.231559
1.045386	0.237746
1.047251	0.238170
1.049116	0.238594
1.047251	0.238170
1.049116	0.238594
1.049941	0.244812
1.051807	0.245247
1.051807	0.245247
1.051807	0.245247
1.053673	0.245682
1.054432	0.251931
1.051514	0.251233
1.051514	0.251233
1.056298	0.252377
1.056298	0.252377
1.060723	0.259557
1.055952	0.258390
1.055952	0.258390
1.058856	0.259101
1.055952	0.258390
1.060323	0.265597
1.058459	0.265130
1.060323	0.265597
1.065081	0.266789
1.062189	0.266065
1.062763	0.272377
1.066493	0.273333
1.066493	0.273333
1.071239	0.274549
1.066493	0.273333
1.068865	0.280162
1.070730	0.280651
1.070730	0.280651
1.074462	0.281629
1.070730	0.280651
1.073033	0.287519
1.076764	0.288518
1.078629	0.289018
1.081481	0.289782
1.074898	0.288018
1.078997	0.295433
1.080862	0.295944
1.080862	0.295944
1.084593	0.296966
1.080862	0.295944
1.083025	0.302896
1.084890	0.303417
1.086755	0.303939
1.084890	0.303417
1.084890	0.303417
1.086982	0.310405
1.090711	0.311469
1.090711	0.311469
1.088847	0.310937
1.090711	0.311469
1.092732	0.318502
1.094596	0.319046
1.096460	0.319589
1.094596	0.319046
1.094596	0.319046
1.098408	0.326667
1.093765	0.325286
1.095626	0.325840
1.098408	0.326667
1.093765	0.325286
1.101243	0.334058
1.097520	0.332929
1.099381	0.333494
1.104010	0.334898
1.097520	0.332929
1.116983	0.345497
1.104923	0.341767
1.104923	0.341767
1.108644	0.342918
1.104923	0.341767
1.108529	0.349518
1.108529	0.349518
1.124289	0.354487
1.108529	0.349518
1.100053	0.353453
1.123211	0.360894
1.104629	0.354924
1.108344	0.356117
1.103531	0.361223
1.099822	0.360008
1.107241	0.362437
1.103531	0.361223
1.107241	0.362437
1.103227	0.367797
1.098685	0.366283
1.103227	0.367797
1.103227	0.367797
1.103227	0.367797
1.101003	0.373740
1.101003	0.373740
1.099151	0.373112
1.100183	0.373462
1.101003	0.373740
1.099759	0.380020
1.099759	0.380020
1.097910	0.379381
1.096062	0.378742
1.099759	0.380020
1.094780	0.384996
1.094780	0.384996
1.092934	0.384347
1.094780	0.384996
1.094780	0.384996
1.092394	0.390865
1.092394	0.390865
1.090551	0.390205
1.091612	0.390585
1.092394	0.390865
1.087338	0.395759
1.091020	0.397099
1.089179	0.396429
1.087338	0.395759
1.091020	0.397099
1.085927	0.401966
1.085927	0.401966
1.085927	0.401966
1.084844	0.401565
1.085927	0.401966
1.083383	0.407757
1.083383	0.407757
1.081548	0.407066
1.083383	0.407757
1.083383	0.407757
1.078942	0.412818
1.078942	0.412818
1.078942	0.412818
1.078215	0.412539
1.078942	0.412818
1.077393	0.418975
1.077393	0.418975
1.077393	0.418975
1.075563	0.418264
1.077393	0.418975
1.073975	0.424404
1.073975	0.424404
1.072148	0.423682
1.072849	0.423959
1.073975	0.424404
1.071212	0.430082
1.071212	0.430082
1.069388	0.429349
1.070071	0.429624
1.071212	0.430082
1.066565	0.434986
1.066565	0.434986
1.066565	0.434986
1.068386	0.435728
1.066565	0.434986
1.063680	0.440591
1.064841	0.441072
1.063680	0.440591
1.064841	0.441072
1.064841	0.441072
1.061908	0.446658
1.061908	0.446658
1.061908	0.446658
1.063723	0.447421
1.063723	0.447421
1.058284	0.451942
1.057103	0.451438
1.058284	0.451942
1.057103	0.451438
1.058914	0.452212
1.055245	0.457466
1.053438	0.456682
1.053438	0.456682
1.055245	0.457466
1.053438	0.456682
1.052146	0.462955
1.051542	0.462690
1.051542	0.462690
1.051542	0.462690
1.051542	0.462690
1.050200	0.468953
1.050200	0.468953
1.050200	0.468953
1.050200	0.468953
1.050200	0.468953
1.044618	0.473311
1.043398	0.472758
1.042821	0.472496
1.044618	0.473311
1.045196	0.473572
1.043166	0.479527
1.041372	0.478703
1.043166	0.479527
1.043166	0.479527
1.043166	0.479527
1.041095	0.485471
1.043438	0.486563
1.041095	0.485471
1.041095	0.485471
1.041095	0.485471
1.041313	0.492505
1.043100	0.493350
1.041313	0.492505
1.041313	0.492505
1.041313	0.492505
1.041459	0.499543
1.043242	0.500398
1.043242	0.500398
1.041459	0.499543
1.041459	0.499543
1.043311	0.507449
1.045091	0.508315
1.043311	0.507449
1.041532	0.506583
1.043311	0.507449
1.044585	0.515132
1.042809	0.514256
1.041033	0.513381
1.042809	0.514256
1.041033	0.513381
1.044519	0.522202
1.042747	0.521316
1.042747	0.521316
1.042747	0.521316
1.040975	0.520430
1.044381	0.529272
1.044381	0.529272
1.042613	0.528376
1.044381	0.529272
1.042613	0.528376
1.041945	0.535200
1.044169	0.536342
1.044169	0.536342
1.041945	0.535200
1.041945	0.535200
1.043439	0.543180
1.043439	0.543180
1.043439	0.543180
1.043439	0.543180
1.043439	0.543180
0.519008	0.398249
0.519692	0.398773
0.517711	0.401759
0.517665	0.401723
0.516876	0.401111
0.517665	0.401723
0.517753	0.401792
0.513303	0.402843
0.513303	0.402843
0.513235	0.402790
0.513235	0.402790
0.515593	0.404640
0.511127	0.405659
0.511127	0.405659
0.511127	0.405659
0.511127	0.405659
0.523093	0.424538
0.523092	0.424538
0.520750	0.427368
0.520760	0.427376
0.519191	0.426089
0.517569	0.429503
0.516030	0.428227
0.517569	0.429503
0.516842	0.428901
0.516799	0.428865
0.513598	0.430960
0.512833	0.430318
0.514363	0.431602
0.513598	0.430960
0.514363	0.431602
0.510360	0.433008
0.510403	0.433045
0.511122	0.433655
0.511204	0.433724
0.511164	0.433691
0.508703	0.436397
