1.456752 0.345026 0.031901
0.500001	-0.424219
0.502982	-0.422052
0.504186	-0.423062
0.507162	-0.420867
0.510257	-0.423435
0.511342	-0.419648
0.517420	-0.419934
0.514302	-0.417403
0.521606	-0.418633
0.518475	-0.416120
0.522648	-0.414803
0.522648	-0.414803
0.525792	-0.417298
0.522648	-0.414803
0.525583	-0.412480
0.528736	-0.414955
0.528736	-0.414955
0.529976	-0.415928
0.529976	-0.415928
0.529748	-0.411100
0.532913	-0.413556
0.532913	-0.413556
0.531669	-0.412590
0.534159	-0.414523
0.535838	-0.411163
0.545962	-0.418932
0.545962	-0.418932
0.535838	-0.411163
0.538340	-0.413083
0.550172	-0.417414
0.550172	-0.417414
0.550172	-0.417414
0.550172	-0.417414
0.550172	-0.417414
0.554379	-0.415861
0.555651	-0.416816
0.555651	-0.416816
0.554379	-0.415861
0.554379	-0.415861
0.563085	-0.417612
0.559861	-0.415221
0.559861	-0.415221
0.563085	-0.417612
0.558582	-0.414273
0.566016	-0.415020
0.566016	-0.415020
0.566981	-0.410991
0.570225	-0.413343
0.570225	-0.413343
0.566981	-0.410991
0.570225	-0.413343
0.571836	-0.409772
0.574430	-0.411631
0.574430	-0.411631
0.571836	-0.409772
0.574430	-0.411631
0.576025	-0.408037
0.577327	-0.408959
0.581898	-0.412198
0.576025	-0.408037
0.577327	-0.408959
0.581517	-0.407182
0.581517	-0.407182
1.844454	-0.366884
1.840637	-0.355700
1.848306	-0.357182
1.854021	-0.347808
1.854021	-0.347808
1.844422	-0.346007
1.852101	-0.347448
1.876987	-0.341529
1.857759	-0.338030
1.857759	-0.338030
1.848148	-0.336282
1.855837	-0.337681
1.882548	-0.331944
1.861438	-0.328222
1.861438	-0.328222
1.851816	-0.326525
1.886184	-0.321987
1.865058	-0.318381
1.865058	-0.318381
1.855119	-0.306281
1.857047	-0.306600
1.847407	-0.305008
1.862466	-0.297069
1.858605	-0.296453
1.860536	-0.296761
1.843166	-0.293990
1.850885	-0.295221
1.861929	-0.286578
1.863862	-0.286875
1.865795	-0.287173
1.846576	-0.284215
1.854303	-0.285404
1.865288	-0.276689
1.851748	-0.274681
1.851748	-0.274681
1.849928	-0.274411
1.849815	-0.274394
1.855034	-0.264836
1.855034	-0.264836
1.849227	-0.264007
1.853098	-0.264560
1.844828	-0.253120
1.844698	-0.253102
1.842761	-0.252836
1.852446	-0.254165
1.844698	-0.253102
1.845911	-0.243019
1.847850	-0.243274
1.845911	-0.243019
1.843973	-0.242764
1.847850	-0.243274
1.849002	-0.233173
1.847061	-0.232928
1.847061	-0.232928
1.847061	-0.232928
1.847061	-0.232928
1.848148	-0.222832
1.850090	-0.223066
1.850090	-0.223066
1.850090	-0.223066
1.851114	-0.212954
1.849171	-0.212730
1.849171	-0.212730
1.849171	-0.212730
1.850130	-0.202622
1.852075	-0.202835
1.852075	-0.202835
1.852075	-0.202835
1.852972	-0.192712
1.854919	-0.192914
1.854919	-0.192914
1.854919	-0.192914
1.460524	-0.071751
1.462553	-0.063856
1.466461	-0.056015
1.462601	-0.055868
1.460672	-0.055794
1.464531	-0.055941
1.462601	-0.055868
1.470026	-0.048124
1.464528	-0.047944
1.462597	-0.047880
1.462301	-0.047871
1.471896	-0.040150
1.460304	-0.039834
1.460304	-0.039834
1.464167	-0.039939
1.462236	-0.039886
1.465983	-0.031988
1.462117	-0.031903
1.462117	-0.031903
1.465983	-0.031988
1.464050	-0.031946
1.467746	-0.024018
1.463880	-0.023955
1.463880	-0.023955
1.467746	-0.024018
1.465813	-0.023986
1.463657	-0.015966
1.465250	-0.015984
1.465250	-0.015984
1.463657	-0.015966
1.465250	-0.015984
1.464966	-0.007990
1.466901	-0.008001
1.466901	-0.008001
1.464966	-0.007990
1.466901	-0.008001
1.466565	0.000000
1.464629	0.000000
1.464629	0.000000
1.466565	0.000000
1.464629	0.000000
1.464239	0.007986
1.466176	0.007997
1.466176	0.007997
1.464239	0.007986
1.466176	0.007997
1.465734	0.015989
1.465734	0.015989
1.465734	0.015989
1.465734	0.015989
1.465734	0.015989
1.463302	0.023946
1.462907	0.023939
1.462907	0.023939
1.463302	0.023946
1.464844	0.023971
1.464287	0.031951
1.464287	0.031951
1.464287	0.031951
1.464287	0.031951
1.466225	0.031993
1.465616	0.039978
1.465616	0.039978
1.465616	0.039978
1.465616	0.039978
1.465616	0.039978
1.464954	0.047958
1.466893	0.048021
1.466893	0.048021
1.464954	0.047958
1.466893	0.048021
1.463799	0.055914
1.464240	0.055931
1.464240	0.055931
1.463799	0.055914
1.464240	0.055931
1.464962	0.063962
1.463022	0.063877
1.463022	0.063877
1.464962	0.063962
1.463022	0.063877
1.464132	0.071928
1.464132	0.071928
1.464132	0.071928
1.462193	0.071833
1.464132	0.071928
1.464713	0.079967
1.463251	0.079887
1.463251	0.079887
1.463251	0.079887
1.463251	0.079887
1.465709	0.088042
1.463769	0.087926
1.463769	0.087926
1.465709	0.088042
1.461830	0.087809
1.462773	0.095875
1.464713	0.096002
1.464713	0.096002
1.462773	0.095875
1.462773	0.095875
1.463663	0.103954
1.461724	0.103816
1.461724	0.103816
1.463663	0.103954
1.461724	0.103816
1.462561	0.111896
1.462561	0.111896
1.462561	0.111896
1.460622	0.111748
1.462561	0.111896
1.462815	0.119944
1.466694	0.120262
1.464755	0.120103
1.462815	0.119944
1.466694	0.120262
1.463538	0.128043
1.461599	0.127873
1.461599	0.127873
1.463538	0.128043
1.461599	0.127873
1.462269	0.135973
1.462269	0.135973
1.461710	0.135921
1.462269	0.135973
1.462269	0.135973
1.462318	0.144026
1.464257	0.144217
1.462318	0.144026
1.462318	0.144026
1.464257	0.144217
1.462873	0.152141
1.460934	0.151940
1.460934	0.151940
1.462873	0.152141
1.462873	0.152141
1.463374	0.160266
1.461436	0.160053
1.461436	0.160053
1.461436	0.160053
1.463374	0.160266
1.459343	0.167884
1.461884	0.168176
1.461884	0.168176
1.461281	0.168107
1.461884	0.168176
1.459730	0.176001
1.461667	0.176234
1.461667	0.176234
1.461667	0.176234
1.461667	0.176234
1.461999	0.184370
1.461999	0.184370
1.461999	0.184370
1.461999	0.184370
1.461999	0.184370
1.461639	0.192429
1.460342	0.192258
1.460342	0.192258
1.461639	0.192429
1.460342	0.192258
1.461855	0.200574
1.461855	0.200574
1.461855	0.200574
1.461855	0.200574
1.461855	0.200574
1.462018	0.208727
1.462018	0.208727
1.462018	0.208727
1.462018	0.208727
1.462018	0.208727
1.461452	0.216786
1.460192	0.216599
1.460192	0.216599
1.461452	0.216786
1.460192	0.216599
1.461498	0.224946
1.461498	0.224946
1.461498	0.224946
1.461498	0.224946
1.459564	0.224649
1.461489	0.233112
1.461489	0.233112
1.461489	0.233112
1.461489	0.233112
1.459557	0.232803
1.460717	0.241166
1.462649	0.241485
1.462649	0.241485
1.460717	0.241166
1.462649	0.241485
1.460592	0.249336
1.460592	0.249336
1.460592	0.249336
1.460592	0.249336
1.460592	0.249336
1.458484	0.257170
1.460413	0.257511
1.460413	0.257511
1.458484	0.257170
1.460413	0.257511
1.458252	0.265338
1.458252	0.265338
1.458252	0.265338
1.458252	0.265338
1.458252	0.265338
1.459139	0.273729
1.459139	0.273729
1.459139	0.273729
1.459139	0.273729
1.461066	0.274091
1.458788	0.281909
1.458017	0.281760
1.458017	0.281760
1.456863	0.281537
1.458017	0.281760
1.457604	0.289935
1.457604	0.289935
1.457604	0.289935
1.457604	0.289935
1.457604	0.289935
1.457136	0.298113
1.457136	0.298113
1.459059	0.298507
1.457136	0.298113
1.457136	0.298113
1.456613	0.306293
1.456613	0.306293
1.458535	0.306697
1.456613	0.306293
1.456613	0.306293
1.459063	0.315128
1.459063	0.315128
1.459063	0.315128
1.459063	0.315128
1.457143	0.314713
1.458420	0.323324
1.458420	0.323324
1.458420	0.323324
1.458420	0.323324
1.458420	0.323324
1.457723	0.331521
1.457723	0.331521
1.457723	0.331521
1.457723	0.331521
1.457723	0.331521
1.459954	0.340414
1.458039	0.339967
1.458039	0.339967
1.459954	0.340414
1.458039	0.339967
1.459135	0.348625
1.459135	0.348625
1.461049	0.349082
1.459135	0.348625
1.461049	0.349082
1.461214	0.357557
1.466951	0.358961
1.468863	0.359429
1.461214	0.357557
1.466951	0.358961
1.471735	0.368651
1.466004	0.367215
1.467914	0.367694
1.469824	0.368172
1.466004	0.367215
1.477469	0.378663
1.473651	0.377684
1.473651	0.377684
1.477469	0.378663
1.473651	0.377684
1.476388	0.386979
1.478295	0.387479
1.480202	0.387979
1.476388	0.386979
1.478295	0.387479
1.483861	0.397600
1.489577	0.399131
1.489577	0.399131
1.483861	0.397600
1.485766	0.398110
1.491235	0.408306
1.495043	0.409348
1.496947	0.409869
1.491235	0.408306
1.484553	0.406476
1.499456	0.419361
1.493751	0.417765
1.495653	0.418297
1.499456	0.419361
1.493751	0.417765
1.504745	0.429703
1.502846	0.429161
1.502846	0.429161
1.506645	0.430246
1.502846	0.429161
1.503316	0.438177
1.510906	0.440389
1.509008	0.439836
1.505213	0.438730
1.509008	0.439836
1.512224	0.449736
1.516015	0.450864
1.516015	0.450864
1.514119	0.450300
1.517910	0.451428
1.522015	0.461698
1.514443	0.459402
1.514443	0.459402
1.520122	0.461124
1.516336	0.459976
1.526940	0.472302
1.525050	0.471717
1.526940	0.472302
1.526940	0.472302
1.525050	0.471717
1.525225	0.480902
1.525225	0.480902
1.525225	0.480902
1.525225	0.480902
1.534666	0.483879
1.524317	0.489772
1.522432	0.489166
1.522432	0.489166
1.524317	0.489772
1.522432	0.489166
1.518712	0.497125
1.520595	0.497741
1.520595	0.497741
1.518712	0.497125
1.520595	0.497741
1.516821	0.505682
1.513062	0.504429
1.516821	0.505682
1.516821	0.505682
1.514942	0.505056
1.509244	0.512319
1.510066	0.512599
1.510066	0.512599
1.509244	0.512319
1.510066	0.512599
1.504313	0.519813
1.508060	0.521108
1.508060	0.521108
1.508060	0.521108
1.508060	0.521108
1.502257	0.528292
1.502257	0.528292
1.502257	0.528292
1.505997	0.529607
1.502257	0.528292
1.496410	0.535424
1.497191	0.535704
1.500144	0.536760
1.496410	0.535424
1.497191	0.535704
1.491290	0.542785
1.495018	0.544142
1.493154	0.543464
1.491290	0.542785
1.495018	0.544142
1.489067	0.551192
1.487207	0.550503
1.487207	0.550503
1.489067	0.551192
1.489067	0.551192
1.484931	0.558889
1.481957	0.557769
1.483814	0.558468
1.483074	0.558190
1.483814	0.558468
1.479622	0.566123
1.479622	0.566123
1.481476	0.566832
1.479622	0.566123
1.481476	0.566832
1.477231	0.574464
1.475381	0.573744
1.475381	0.573744
1.477231	0.574464
1.477231	0.574464
1.471092	0.581333
1.469944	0.580880
1.469944	0.580880
1.471092	0.581333
1.469944	0.580880
1.463757	0.587685
1.467443	0.589165
1.467443	0.589165
1.463757	0.587685
1.467443	0.589165
1.461207	0.595936
1.463047	0.596686
1.463047	0.596686
1.461207	0.595936
1.463047	0.596686
1.456767	0.603413
1.457426	0.603686
1.457426	0.603686
1.458603	0.604173
1.457426	0.603686
1.454760	0.611899
1.454760	0.611899
1.454760	0.611899
1.454760	0.611899
1.454760	0.611899
1.452039	0.620097
1.455696	0.621658
1.455696	0.621658
1.452039	0.620097
1.455696	0.621658
1.455356	0.630920
1.457181	0.631711
1.457181	0.631711
1.455356	0.630920
1.457181	0.631711
1.454324	0.639918
1.454324	0.639918
1.454324	0.639918
1.454324	0.639918
1.454324	0.639918
1.451413	0.648109
1.453229	0.648920
1.451413	0.648109
1.451413	0.648109
1.453229	0.648920
1.454466	0.659010
1.456278	0.659831
1.456278	0.659831
1.452653	0.658189
1.456278	0.659831
1.455039	0.668859
1.453231	0.668027
1.453231	0.668027
1.455039	0.668859
1.453231	0.668027
1.452486	0.677306
0.519800	0.398856
0.516964	0.401179
0.517711	0.401759
0.517711	0.401759
0.516876	0.401111
0.517665	0.401723
0.514807	0.404023
0.514089	0.403460
0.514089	0.403460
0.513271	0.402818
0.514021	0.403407
0.511127	0.405659
0.511936	0.406301
0.511936	0.406301
0.511127	0.405659
0.511153	0.405680
0.523093	0.424538
0.520750	0.427368
0.521509	0.427992
0.516799	0.428865
0.516799	0.428865
0.516799	0.428865
0.517569	0.429503
0.519107	0.430780
0.514363	0.431602
0.513598	0.430960
0.513598	0.430960
0.514363	0.431602
0.513598	0.430960
0.510360	0.433008
0.511204	0.433724
0.511204	0.433724
0.510360	0.433008
0.511204	0.433724
0.507945	0.435747
0.507945	0.435747
