0.797983 0.204685 -0.050388
0.770706	-0.193052
0.765601	-0.191773
0.782336	-0.191436
0.773685	-0.189319
0.773685	-0.189319
0.768575	-0.188069
0.785299	-0.187628
0.778571	-0.186020
0.778571	-0.186020
0.773455	-0.184798
0.790161	-0.184240
0.781501	-0.182220
0.779599	-0.177299
0.779599	-0.177299
0.776084	-0.176500
0.784378	-0.173892
0.782469	-0.173469
0.782469	-0.173469
0.780866	-0.173114
0.779264	-0.172759
0.787222	-0.170023
0.787222	-0.170023
0.787222	-0.170023
0.783708	-0.169264
0.782102	-0.168918
0.785203	-0.165110
0.785203	-0.165110
0.780094	-0.164036
0.786814	-0.165449
0.787986	-0.161213
0.787986	-0.161213
0.784481	-0.160496
0.782872	-0.160167
0.787510	-0.156645
0.782403	-0.155629
0.784013	-0.155950
0.785123	-0.151724
0.790235	-0.152712
0.785123	-0.151724
0.785123	-0.151724
0.788074	-0.147840
0.788074	-0.147840
0.784587	-0.147186
0.786202	-0.147489
0.790737	-0.143879
0.790737	-0.143879
0.784017	-0.142657
0.790127	-0.139321
0.781799	-0.137852
0.786647	-0.138707
0.792732	-0.135326
0.786010	-0.134179
0.784392	-0.133902
0.780924	-0.133310
0.785339	-0.129660
0.783720	-0.129393
0.786254	-0.125410
0.784633	-0.125151
0.787877	-0.125669
0.781178	-0.124600
0.786254	-0.125410
0.787138	-0.121152
0.782273	-0.120403
0.786364	-0.116646
0.784741	-0.116405
0.786364	-0.116646
0.779680	-0.115655
0.784741	-0.116405
0.787183	-0.112383
0.782119	-0.111660
0.786341	-0.107890
0.784715	-0.107667
0.781285	-0.107196
0.781285	-0.107196
0.782907	-0.107419
0.787093	-0.103623
0.783838	-0.103194
0.787814	-0.099349
0.786183	-0.099144
0.782763	-0.098712
0.781139	-0.098508
0.786183	-0.099144
0.783610	-0.094480
0.787524	-0.090597
0.785891	-0.090410
0.782485	-0.090018
0.782485	-0.090018
0.785891	-0.090410
0.783247	-0.085779
0.781618	-0.085601
0.784879	-0.085958
0.787099	-0.081859
0.787099	-0.081859
0.785464	-0.081689
0.783831	-0.081520
0.787099	-0.081859
0.787766	-0.077588
0.787766	-0.077588
0.782750	-0.077094
0.784383	-0.077255
0.784383	-0.077255
0.789921	-0.073452
0.789921	-0.073452
0.784903	-0.072986
0.786539	-0.073138
0.786539	-0.073138
0.790404	-0.069151
0.790404	-0.069151
0.783753	-0.068570
0.782118	-0.068426
0.788761	-0.069008
0.785927	-0.064442
0.784206	-0.064301
0.790854	-0.064846
0.787982	-0.060286
0.787982	-0.060286
0.787982	-0.060286
0.781352	-0.059779
0.786340	-0.060160
0.786720	-0.055875
0.783375	-0.055638
0.788364	-0.055992
0.787068	-0.051587
0.787068	-0.051587
0.788713	-0.051695
0.782088	-0.051261
0.785423	-0.051479
0.784093	-0.047099
0.782450	-0.047000
0.787382	-0.047296
0.787664	-0.043003
0.787664	-0.043003
0.786017	-0.042913
0.784371	-0.042823
0.786017	-0.042913
0.787931	-0.038708
0.787931	-0.038708
0.784618	-0.038546
0.782972	-0.038465
0.786281	-0.038627
0.789791	-0.034483
0.789791	-0.034483
0.784831	-0.034266
0.788138	-0.034411
0.788312	-0.030112
0.788312	-0.030112
0.785012	-0.029985
0.785008	-0.029985
0.786659	-0.030048
0.788432	-0.025811
0.788432	-0.025811
0.786799	-0.025757
0.786799	-0.025757
0.788453	-0.025811
0.790189	-0.021554
0.790189	-0.021554
0.786906	-0.021465
0.786906	-0.021465
0.788596	-0.017207
0.790256	-0.017243
0.785324	-0.017136
0.788596	-0.017207
0.790289	-0.012932
0.788629	-0.012905
0.785364	-0.012852
0.790289	-0.012932
0.788628	-0.008603
0.788628	-0.008603
0.790290	-0.008621
0.785309	-0.008567
0.791887	-0.008638
0.788516	-0.004301
0.786933	-0.004292
0.786933	-0.004292
0.793513	-0.004328
0.786864	0.000000
0.790105	0.000000
0.785203	0.000000
0.788439	0.000000
0.788329	0.004300
0.788329	0.004300
0.785101	0.004282
0.789996	0.004309
0.789854	0.008616
0.789854	0.008616
0.786520	0.008580
0.784966	0.008563
0.788186	0.008598
0.788010	0.012895
0.788010	0.012895
0.788010	0.012895
0.786343	0.012868
0.789553	0.012920
0.789335	0.017223
0.789335	0.017223
0.786967	0.017172
0.787664	0.017187
0.791008	0.017260
0.789766	0.021543
0.790604	0.021566
0.787412	0.021479
0.789084	0.021524
0.789921	0.021547
0.791149	0.025900
0.791988	0.025927
0.787797	0.025790
0.788635	0.025817
0.790311	0.025872
0.789984	0.030176
0.789984	0.030176
0.789146	0.030144
0.789984	0.030176
0.791663	0.030240
0.791112	0.034541
0.790271	0.034504
0.788785	0.034439
0.788785	0.034439
0.790464	0.034512
0.792392	0.038928
0.791551	0.038887
0.787349	0.038680
0.789028	0.038763
0.793025	0.038959
0.789433	0.043100
0.789433	0.043100
0.788592	0.043054
0.790274	0.043146
0.794268	0.043364
0.789575	0.047428
0.790417	0.047479
0.787282	0.047290
0.788964	0.047391
0.791260	0.047529
0.790749	0.051829
0.791593	0.051884
0.788221	0.051663
0.789063	0.051718
0.791344	0.051868
0.790205	0.056123
0.790205	0.056123
0.789362	0.056063
0.790205	0.056123
0.792481	0.056284
0.790204	0.060456
0.790204	0.060456
0.790204	0.060456
0.788784	0.060348
0.791895	0.060586
0.791275	0.064881
0.791275	0.064881
0.790142	0.064788
0.790429	0.064812
0.792683	0.064996
0.792869	0.069367
0.792869	0.069367
0.791173	0.069219
0.791173	0.069219
0.793717	0.069441
0.791326	0.073583
0.790478	0.073504
0.791326	0.073583
0.792174	0.073662
0.792174	0.073662
0.791122	0.077919
0.791122	0.077919
0.790273	0.077835
0.791122	0.077919
0.793671	0.078170
0.790857	0.082250
0.790857	0.082250
0.790857	0.082250
0.790857	0.082250
0.795966	0.082782
0.791746	0.086710
0.791746	0.086710
0.791746	0.086710
0.791746	0.086710
0.793449	0.086897
0.790899	0.090986
0.790899	0.090986
0.790048	0.090888
0.790899	0.090986
0.793086	0.091237
0.791344	0.095413
0.791344	0.095413
0.791344	0.095413
0.791344	0.095413
0.793517	0.095675
0.792586	0.099951
0.792586	0.099951
0.791732	0.099844
0.792586	0.099951
0.794297	0.100167
0.793333	0.104444
0.792917	0.104390
0.792478	0.104332
0.792917	0.104390
0.794189	0.104557
0.793624	0.108889
0.793624	0.108889
0.792767	0.108772
0.793624	0.108889
0.794481	0.109007
0.793858	0.113336
0.791728	0.113032
0.792142	0.113091
0.793000	0.113214
0.794716	0.113459
0.792776	0.117597
0.791918	0.117470
0.792776	0.117597
0.793174	0.117656
0.794033	0.117784
0.794630	0.122305
0.792050	0.121908
0.793769	0.122173
0.793769	0.122173
0.794630	0.122305
0.793473	0.126561
0.792613	0.126424
0.792613	0.126424
0.793473	0.126561
0.794708	0.126758
0.794370	0.131151
0.793509	0.131009
0.793509	0.131009
0.793509	0.131009
0.795232	0.131294
0.794350	0.135602
0.794350	0.135602
0.793487	0.135455
0.794350	0.135602
0.796076	0.135897
0.795136	0.140204
0.794272	0.140052
0.793939	0.139993
0.794272	0.140052
0.796865	0.140509
0.795001	0.144655
0.794136	0.144498
0.793820	0.144441
0.794136	0.144498
0.795549	0.144755
0.795374	0.149210
0.794509	0.149047
0.793643	0.148885
0.794509	0.149047
0.794509	0.149047
0.793984	0.153436
0.793984	0.153436
0.793984	0.153436
0.795142	0.153660
0.795142	0.153660
0.795444	0.158224
0.794577	0.158051
0.795444	0.158224
0.795444	0.158224
0.795444	0.158224
0.795114	0.162671
0.795114	0.162671
0.795375	0.162725
0.795983	0.162849
0.795983	0.162849
0.795597	0.167296
0.795597	0.167296
0.795597	0.167296
0.796467	0.167479
0.796467	0.167479
0.796025	0.171925
0.795154	0.171737
0.796025	0.171925
0.796896	0.172113
0.796896	0.172113
0.795525	0.176364
0.795304	0.176315
0.794434	0.176122
0.795304	0.176315
0.797269	0.176750
0.795636	0.180947
0.795636	0.180947
0.795636	0.180947
0.795636	0.180947
0.796715	0.181192
0.796786	0.185784
0.795913	0.185581
0.796786	0.185784
0.795913	0.185581
0.796786	0.185784
0.797008	0.190426
0.797008	0.190426
0.797008	0.190426
0.797008	0.190426
0.797882	0.190635
0.797176	0.195068
0.796301	0.194854
0.797176	0.195068
0.797336	0.195107
0.798051	0.195282
0.797288	0.199710
0.797288	0.199710
0.797288	0.199710
0.797288	0.199710
0.798164	0.199930
0.798223	0.204578
0.799100	0.204802
0.798223	0.204578
0.798223	0.204578
0.798223	0.204578
0.801739	0.210145
0.800860	0.209915
0.800860	0.209915
0.799982	0.209685
0.799104	0.209455
0.803449	0.215284
0.807079	0.216256
0.803449	0.215284
0.802570	0.215048
0.801690	0.214812
0.808729	0.221433
0.809611	0.221675
0.807847	0.221191
0.806082	0.220708
0.806082	0.220708
0.814825	0.227886
0.813055	0.227391
0.814825	0.227886
0.810326	0.226628
0.808560	0.226134
0.815475	0.232871
0.816361	0.233124
0.817247	0.233377
0.816361	0.233124
0.812818	0.232113
0.817843	0.238380
0.818730	0.238638
0.817843	0.238380
0.816957	0.238121
0.816070	0.237863
0.827335	0.246050
0.828226	0.246315
0.822858	0.244719
0.819273	0.243652
0.818386	0.243388
0.829581	0.251651
0.829581	0.251651
0.828690	0.251380
0.826003	0.250565
0.821556	0.249216
0.832666	0.257554
0.833558	0.257830
0.831774	0.257278
0.830882	0.257002
0.823755	0.254798
0.834805	0.263213
0.837471	0.264054
0.834805	0.263213
0.833913	0.262932
0.832128	0.262369
0.838651	0.269463
0.839545	0.269751
0.838651	0.269463
0.837757	0.269176
0.832427	0.267464
0.841564	0.275472
0.842459	0.275765
0.841564	0.275472
0.839776	0.274887
0.835349	0.273438
0.850638	0.283588
0.847053	0.282393
0.843528	0.281218
0.841739	0.280621
0.841739	0.280621
0.850742	0.288788
0.850742	0.288788
0.850742	0.288788
0.848053	0.287875
0.843647	0.286380
0.853479	0.294918
0.853479	0.294918
0.852582	0.294609
0.851686	0.294299
0.849893	0.293679
0.861447	0.302941
0.857855	0.301678
0.860549	0.302625
0.858753	0.301994
0.853469	0.300136
0.862262	0.308522
0.860466	0.307880
0.860466	0.307880
0.858671	0.307237
0.857774	0.306916
0.870078	0.316683
0.863019	0.314113
0.862121	0.313787
0.861224	0.313460
0.860326	0.313133
0.866269	0.320658
0.866269	0.320658
0.863718	0.319713
0.861924	0.319049
0.871386	0.327967
0.865256	0.325660
0.865256	0.325660
0.877520	0.330275
0.867794	0.326615
0.871054	0.333277
0.871054	0.333277
0.864942	0.330938
0.863149	0.330252
0.868871	0.337885
0.869580	0.338161
0.869580	0.338161
0.864570	0.336213
0.870665	0.338583
0.866632	0.342468
0.868425	0.343177
0.868425	0.343177
0.870217	0.343885
0.868425	0.343177
0.864339	0.347024
0.865444	0.347468
0.865444	0.347468
0.867234	0.348186
0.866130	0.347743
0.861992	0.351553
0.864005	0.352374
0.863111	0.352009
0.864899	0.352739
0.864676	0.352648
0.860723	0.356523
0.860723	0.356523
0.860723	0.356523
0.862510	0.357263
0.863403	0.357633
0.857636	0.360737
0.858283	0.361009
0.858283	0.361009
0.858283	0.361009
0.859420	0.361487
0.855158	0.365197
0.856679	0.365847
0.856679	0.365847
0.856679	0.365847
0.856939	0.365958
0.854131	0.370280
0.854131	0.370280
0.854131	0.370280
0.855295	0.370784
0.855295	0.370784
0.852707	0.375200
0.852707	0.375200
0.852707	0.375200
0.853596	0.375591
0.852707	0.375200
0.850361	0.379718
0.850361	0.379718
0.850955	0.379983
0.850955	0.379983
0.851842	0.380379
0.847684	0.384081
0.848262	0.384343
0.849149	0.384744
0.849149	0.384744
0.849456	0.384883
0.844955	0.388412
0.845518	0.388671
0.845518	0.388671
0.847288	0.389485
0.846724	0.389226
0.842174	0.392713
0.843607	0.393380
0.843607	0.393380
0.843607	0.393380
0.844825	0.393948
0.840226	0.397397
0.841990	0.398232
0.841990	0.398232
0.841642	0.398067
0.841990	0.398232
0.838224	0.402059
0.838578	0.402229
0.838578	0.402229
0.839985	0.402904
0.839104	0.402482
0.836169	0.406698
0.836536	0.406877
0.837415	0.407305
0.837928	0.407554
0.837415	0.407305
0.834442	0.411501
0.835320	0.411934
0.835818	0.412180
0.835818	0.412180
0.836197	0.412367
0.833172	0.416540
0.832296	0.416102
0.832779	0.416344
0.833656	0.416782
0.834048	0.416978
0.830098	0.420677
0.830972	0.421121
0.830972	0.421121
0.831442	0.421359
0.830972	0.421121
0.827848	0.425228
0.827848	0.425228
0.828303	0.425462
0.829177	0.425911
0.829594	0.426125
0.825547	0.429753
0.826418	0.430206
0.826418	0.430206
0.826860	0.430436
0.826418	0.430206
0.823195	0.434251
0.823631	0.434481
0.823631	0.434481
0.824935	0.435169
0.824065	0.434710
0.820793	0.438723
0.821241	0.438963
0.821241	0.438963
0.822529	0.439651
0.821661	0.439187
0.818800	0.443417
0.819666	0.443885
0.819666	0.443885
0.820073	0.444106
0.819666	0.443885
0.814109	0.446636
0.818038	0.448791
0.818038	0.448791
0.818038	0.448791
0.818038	0.448791
0.812045	0.451283
0.812045	0.451283
0.813286	0.451972
0.815873	0.453410
0.812423	0.451493
0.812040	0.457095
0.812040	0.457095
0.811180	0.456610
0.808963	0.455363
0.810320	0.456126
0.812833	0.463397
0.812833	0.463397
0.810258	0.461929
0.806825	0.459972
0.810258	0.461929
0.812706	0.469216
0.812706	0.469216
0.810993	0.468227
0.809280	0.467238
0.810136	0.467733
0.812517	0.475035
0.810808	0.474036
0.810808	0.474036
0.809954	0.473536
0.810808	0.474036
0.813973	0.481862
0.811416	0.480348
0.810563	0.479844
0.809711	0.479339
0.810563	0.479844
0.815359	0.488708
0.810258	0.485650
0.810258	0.485650
0.809407	0.485140
0.810258	0.485650
0.815828	0.495056
0.813283	0.493513
0.813283	0.493513
0.810739	0.491969
0.810739	0.491969
0.813693	0.499853
0.812847	0.499334
0.812847	0.499334
0.812001	0.498814
0.812001	0.498814
0.814036	0.506200
0.813193	0.505676
0.810662	0.504102
0.809819	0.503578
0.812349	0.505151
0.814314	0.512553
0.813472	0.512023
0.810949	0.510435
0.810108	0.509905
0.812631	0.511494
0.814525	0.518910
0.814525	0.518910
0.811170	0.516772
0.810331	0.516238
0.812847	0.517841
0.815506	0.525810
0.814670	0.525270
0.812160	0.523653
0.810488	0.522574
0.813833	0.524731
0.811412	0.529458
0.811412	0.529458
0.813080	0.530546
0.810602	0.535255
