0.927117 0.129152 -0.053762
0.500001	-0.424219
0.504186	-0.423062
0.500304	-0.410589
0.500304	-0.410589
0.500304	-0.410589
0.503226	-0.408414
0.505645	-0.410377
0.504434	-0.409395
0.504434	-0.409395
0.503226	-0.408414
0.511684	-0.410670
0.511684	-0.410670
0.506138	-0.406218
0.508564	-0.408166
0.507350	-0.407191
0.515826	-0.409389
0.515826	-0.409389
0.510255	-0.404967
0.512694	-0.406903
0.515826	-0.409389
0.525583	-0.412480
0.525583	-0.412480
0.524348	-0.411511
0.524348	-0.411511
0.524348	-0.411511
0.528506	-0.410136
0.528506	-0.410136
0.528506	-0.410136
0.528506	-0.410136
0.532913	-0.413556
0.532663	-0.408727
0.532663	-0.408727
0.537088	-0.412122
0.537088	-0.412122
0.537088	-0.412122
0.540005	-0.409700
0.540005	-0.409700
0.541261	-0.410654
0.541261	-0.410654
0.544170	-0.408203
0.542909	-0.407258
0.539714	-0.404860
0.543859	-0.403353
0.548332	-0.406671
0.543859	-0.403353
0.543859	-0.403353
0.551219	-0.404171
0.551219	-0.404171
0.546732	-0.400881
0.549948	-0.403239
0.555370	-0.402575
0.555370	-0.402575
0.550865	-0.399310
0.554093	-0.401649
0.903174	-0.295639
0.906766	-0.291349
0.898312	-0.283237
0.910332	-0.287027
0.898312	-0.283237
0.901830	-0.278947
0.913873	-0.282673
0.901830	-0.278947
0.905322	-0.274626
0.905322	-0.274626
0.908980	-0.275736
0.912449	-0.271363
0.912518	-0.265975
0.915891	-0.266958
0.910861	-0.260110
0.915926	-0.261557
0.912549	-0.260592
0.917617	-0.262039
0.914231	-0.255688
0.921271	-0.257657
0.915922	-0.256161
0.915922	-0.256161
0.922967	-0.258131
0.917574	-0.251235
0.919269	-0.251699
0.919269	-0.251699
0.926323	-0.253630
0.919192	-0.246297
0.924545	-0.247731
0.924545	-0.247731
0.917376	-0.240455
0.917376	-0.240455
0.921022	-0.241411
0.927835	-0.243197
0.920622	-0.235947
0.917218	-0.235075
0.920622	-0.235947
0.924269	-0.236882
0.922564	-0.236445
0.917021	-0.229702
0.920429	-0.230555
0.917021	-0.229702
0.925780	-0.231896
0.920197	-0.225171
0.921904	-0.225588
0.920197	-0.225171
0.921904	-0.225588
0.916510	-0.218978
0.921635	-0.220202
0.923345	-0.220610
0.919615	-0.214424
0.923038	-0.215222
0.921326	-0.214823
0.923246	-0.215271
0.917554	-0.208674
0.919266	-0.209063
0.926323	-0.210668
0.920592	-0.204090
0.920592	-0.204090
0.922307	-0.204470
0.920592	-0.204090
0.916735	-0.197996
0.923600	-0.199478
0.916735	-0.197996
0.923600	-0.199478
0.923600	-0.199478
0.919700	-0.193392
0.916266	-0.192670
0.919700	-0.193392
0.921419	-0.193753
0.925036	-0.194514
0.917477	-0.187705
0.917477	-0.187705
0.924360	-0.189113
0.927976	-0.189853
0.920374	-0.183074
0.915047	-0.182014
0.920374	-0.183074
0.920374	-0.183074
0.918070	-0.177416
0.919793	-0.177749
0.923243	-0.178415
0.923243	-0.178415
0.924969	-0.178749
0.920899	-0.172757
0.917448	-0.172110
0.919173	-0.172434
0.922625	-0.173081
0.920241	-0.167443
0.921969	-0.167758
0.921969	-0.167758
0.923004	-0.162750
0.914231	-0.161203
0.919543	-0.162140
0.921273	-0.162445
0.922270	-0.157439
0.922270	-0.157439
0.924003	-0.157735
0.922270	-0.157439
0.914457	-0.150977
0.919764	-0.151854
0.923232	-0.152426
0.918951	-0.146575
0.922421	-0.147129
0.924257	-0.147422
0.920685	-0.146852
0.921571	-0.141843
0.914535	-0.140760
0.919834	-0.141576
0.926879	-0.142660
0.923309	-0.142111
0.917207	-0.136055
0.918944	-0.136312
0.922421	-0.136828
0.922421	-0.136828
0.919754	-0.131310
0.918015	-0.131062
0.918015	-0.131062
0.919754	-0.131310
0.918787	-0.126062
0.920528	-0.126301
0.920528	-0.126301
0.920528	-0.126301
0.916040	-0.120599
0.916040	-0.120599
0.919523	-0.121058
0.919523	-0.121058
0.918479	-0.115827
0.918479	-0.115827
0.920268	-0.116053
0.920223	-0.116047
0.917396	-0.110611
0.917396	-0.110611
0.919141	-0.110821
0.922672	-0.111247
0.920924	-0.111036
0.921543	-0.106015
0.918046	-0.105613
0.919794	-0.105814
0.923293	-0.106216
0.916861	-0.100412
0.923878	-0.101181
0.920376	-0.100797
0.922127	-0.100989
0.920376	-0.100797
0.917419	-0.095413
0.919169	-0.095595
0.920921	-0.095777
0.924427	-0.096142
0.922674	-0.095959
0.919676	-0.090580
0.921430	-0.090753
0.923184	-0.090926
0.923184	-0.090926
0.921430	-0.090753
0.916640	-0.085236
0.916640	-0.085236
0.921903	-0.085725
0.921885	-0.085723
0.921885	-0.085723
0.918826	-0.080387
0.918826	-0.080387
0.924071	-0.080846
0.924071	-0.080846
0.919223	-0.075372
0.917466	-0.075228
0.919223	-0.075372
0.922703	-0.075657
0.922703	-0.075657
0.917777	-0.070216
0.917777	-0.070216
0.923058	-0.070620
0.924820	-0.070755
0.924820	-0.070755
0.919851	-0.065331
0.919851	-0.065331
0.921613	-0.065456
0.923376	-0.065581
0.916606	-0.060077
0.916606	-0.060077
0.923657	-0.060540
0.923657	-0.060540
0.918607	-0.055179
0.918607	-0.055179
0.920371	-0.055285
0.922136	-0.055391
0.922054	-0.055386
0.917047	-0.050067
0.917047	-0.050067
0.920485	-0.050254
0.925789	-0.050544
0.924020	-0.050447
0.918978	-0.045146
0.918978	-0.045146
0.922413	-0.045315
0.922413	-0.045315
0.917341	-0.040052
0.917341	-0.040052
0.920767	-0.040202
0.922537	-0.040279
0.924308	-0.040356
0.920853	-0.035174
0.917313	-0.035039
0.922624	-0.035242
0.922624	-0.035242
0.919130	-0.030089
0.919130	-0.030089
0.920902	-0.030147
0.920902	-0.030147
0.922538	-0.030201
0.918993	-0.025068
0.917370	-0.025024
0.920767	-0.025116
0.920767	-0.025116
0.924318	-0.025213
0.920734	-0.020090
0.917185	-0.020013
0.922510	-0.020129
0.922510	-0.020129
0.922510	-0.020129
0.918887	-0.015037
0.918887	-0.015037
0.920664	-0.015066
0.922441	-0.015095
0.924220	-0.015124
0.920557	-0.010042
0.918780	-0.010023
0.920372	-0.010040
0.922152	-0.010059
0.922335	-0.010061
0.918635	-0.005010
0.922000	-0.005029
0.922000	-0.005029
0.923781	-0.005038
0.923781	-0.005038
0.920029	0.000000
0.920029	0.000000
0.920029	0.000000
0.921811	0.000000
0.925377	0.000000
0.921364	0.005025
0.921364	0.005025
0.921585	0.005027
0.921364	0.005025
0.923369	0.005036
0.922877	0.010067
0.922877	0.010067
0.919539	0.010031
0.922877	0.010067
0.924664	0.010087
0.920783	0.015068
0.918998	0.015039
0.918998	0.015039
0.922570	0.015097
0.926145	0.015156
0.922225	0.020123
0.920438	0.020084
0.920438	0.020084
0.921967	0.020117
0.922225	0.020123
0.918268	0.025048
0.920055	0.025097
0.919786	0.025090
0.923365	0.025187
0.921576	0.025138
0.919358	0.030097
0.919358	0.030097
0.921148	0.030155
0.921148	0.030155
0.922938	0.030214
0.920683	0.035168
0.920683	0.035168
0.920683	0.035168
0.922179	0.035225
0.920683	0.035168
0.920181	0.040176
0.920181	0.040176
0.921669	0.040241
0.923463	0.040319
0.921669	0.040241
0.919328	0.045164
0.921122	0.045252
0.922916	0.045340
0.924712	0.045428
0.922916	0.045340
0.920538	0.050257
0.922001	0.050337
0.920538	0.050257
0.922333	0.050355
0.922333	0.050355
0.919917	0.055258
0.923169	0.055453
0.921371	0.055345
0.923169	0.055453
0.921371	0.055345
0.920704	0.060346
0.920704	0.060346
0.922143	0.060441
0.923943	0.060559
0.922503	0.060464
0.921431	0.065443
0.921431	0.065443
0.923231	0.065571
0.925032	0.065699
0.925032	0.065699
0.922482	0.070576
0.922482	0.070576
0.922482	0.070576
0.924284	0.070714
0.924284	0.070714
0.921301	0.075542
0.919896	0.075427
0.921301	0.075542
0.923104	0.075690
0.923104	0.075690
0.922272	0.080688
0.920469	0.080531
0.922272	0.080688
0.924076	0.080846
0.924076	0.080846
0.921404	0.085679
0.921404	0.085679
0.921404	0.085679
0.923209	0.085847
0.921404	0.085679
0.920067	0.090619
0.921872	0.090797
0.923679	0.090974
0.923679	0.090974
0.923679	0.090974
0.920922	0.095777
0.922278	0.095918
0.920922	0.095777
0.922278	0.095918
0.922728	0.095965
0.923090	0.101095
0.923090	0.101095
0.923090	0.101095
0.923090	0.101095
0.923090	0.101095
0.922058	0.106074
0.922058	0.106074
0.923391	0.106228
0.923867	0.106282
0.923391	0.106228
0.922312	0.111204
0.922312	0.111204
0.924123	0.111422
0.924123	0.111422
0.924123	0.111422
0.923008	0.116398
0.922504	0.116335
0.923008	0.116398
0.924317	0.116564
0.923008	0.116398
0.924969	0.121775
0.923156	0.121536
0.924969	0.121775
0.924969	0.121775
0.924969	0.121775
0.926873	0.127172
0.926873	0.127172
0.925057	0.126923
0.928689	0.127421
0.926873	0.127172
0.932356	0.133109
0.930537	0.132849
0.925629	0.132149
0.927445	0.132408
0.927445	0.132408
0.934147	0.138568
0.934147	0.138568
0.931066	0.138111
0.929247	0.137841
0.931066	0.138111
0.939528	0.144607
0.937703	0.144326
0.934632	0.143854
0.934632	0.143854
0.934632	0.143854
0.943031	0.150416
0.938144	0.149637
0.938144	0.149637
0.938144	0.149637
0.938144	0.149637
0.946480	0.156265
0.941600	0.155459
0.944651	0.155963
0.941600	0.155459
0.941600	0.155459
0.949872	0.162151
0.945001	0.161320
0.945001	0.161320
0.945001	0.161320
0.945001	0.161320
0.950178	0.167542
0.948347	0.167219
0.948347	0.167219
0.948347	0.167219
0.948347	0.167219
0.953468	0.173490
0.953468	0.173490
0.953468	0.173490
0.951635	0.173156
0.951635	0.173156
0.956702	0.179474
0.956702	0.179474
0.956702	0.179474
0.956702	0.179474
0.954866	0.179130
0.962873	0.186074
0.964713	0.186429
0.962873	0.186074
0.959877	0.185495
0.959877	0.185495
0.964833	0.191917
0.964833	0.191917
0.962994	0.191552
0.964833	0.191917
0.964833	0.191917
0.967893	0.198020
0.967893	0.198020
0.966053	0.197643
0.967893	0.198020
0.967893	0.198020
0.972736	0.204545
0.972736	0.204545
0.969052	0.203770
0.972736	0.204545
0.970894	0.204157
0.975678	0.210726
0.975678	0.210726
0.973835	0.210328
0.975678	0.210726
0.975678	0.210726
0.980405	0.217351
0.978560	0.216942
0.976715	0.216533
0.978560	0.216942
0.978560	0.216942
0.983227	0.223609
0.983227	0.223609
0.981380	0.223189
0.983227	0.223609
0.981380	0.223189
0.987834	0.230331
0.987834	0.230331
0.985987	0.229900
0.984140	0.229469
0.982293	0.229039
0.987886	0.236031
0.992382	0.237105
0.990533	0.236664
0.988685	0.236222
0.986837	0.235781
0.987625	0.241670
1.001611	0.245093
0.991321	0.242575
0.989473	0.242123
0.987324	0.247312
0.987324	0.247312
0.990197	0.248032
0.995743	0.249421
0.991694	0.254163
0.988000	0.253216
0.989847	0.253689
0.986154	0.252743
0.986154	0.252743
0.988613	0.259127
0.990460	0.259611
0.990460	0.259611
0.985767	0.258381
0.985767	0.258381
0.985470	0.264056
0.987316	0.264551
0.986332	0.264287
0.987316	0.264551
0.987316	0.264551
0.984989	0.269694
0.986834	0.270199
0.983145	0.269189
0.986834	0.270199
0.986834	0.270199
0.980784	0.274301
0.982626	0.274816
0.981740	0.274568
0.984469	0.275332
0.982626	0.274816
0.979333	0.279664
0.981175	0.280190
0.981175	0.280190
0.981175	0.280190
0.981175	0.280190
0.978731	0.285274
0.975980	0.284472
0.977820	0.285009
0.977820	0.285009
0.977820	0.285009
0.972576	0.289245
0.975333	0.290065
0.977172	0.290612
0.977172	0.290612
0.977172	0.290612
0.969138	0.293985
0.970974	0.294542
0.970974	0.294542
0.974647	0.295656
0.970974	0.294542
0.965640	0.298685
0.967475	0.299252
0.969310	0.299820
0.969310	0.299820
0.971146	0.300388
0.964877	0.304225
0.966710	0.304803
0.965751	0.304500
0.965751	0.304500
0.966710	0.304803
0.962245	0.309175
0.962245	0.309175
0.964941	0.310041
0.964941	0.310041
0.962245	0.309175
0.958603	0.313783
0.960433	0.314382
0.960433	0.314382
0.960433	0.314382
0.960433	0.314382
0.956731	0.318958
0.956731	0.318958
0.958560	0.319568
0.960388	0.320177
0.960388	0.320177
0.955806	0.324452
0.954800	0.324111
0.954800	0.324111
0.957632	0.325072
0.957632	0.325072
0.952005	0.328964
0.953830	0.329594
0.953830	0.329594
0.953830	0.329594
0.953830	0.329594
0.949177	0.333793
0.951794	0.334713
0.950999	0.334433
0.951794	0.334713
0.951794	0.334713
0.948920	0.339529
0.948920	0.339529
0.948920	0.339529
0.949698	0.339808
0.949698	0.339808
0.946013	0.344321
0.948601	0.345263
0.944963	0.343939
0.948601	0.345263
0.948601	0.345263
0.942016	0.348696
0.942016	0.348696
0.943832	0.349368
0.945649	0.350041
0.943832	0.349368
0.939779	0.353708
0.939779	0.353708
0.939779	0.353708
0.941594	0.354391
0.939779	0.353708
0.935672	0.358000
0.937484	0.358694
0.937484	0.358694
0.937484	0.358694
0.937484	0.358694
0.934421	0.363377
0.936231	0.364080
0.936231	0.364080
0.936231	0.364080
0.936231	0.364080
0.931327	0.368034
0.933133	0.368748
0.933133	0.368748
0.933133	0.368748
0.933133	0.368748
0.927087	0.372217
0.928892	0.372941
0.928892	0.372941
0.928892	0.372941
0.928892	0.372941
0.928202	0.378556
0.928202	0.378556
0.928202	0.378556
0.928202	0.378556
0.928202	0.378556
0.926790	0.383889
0.926790	0.383889
0.926790	0.383889
0.926790	0.383889
0.926790	0.383889
0.925994	0.389490
0.925994	0.389490
0.925994	0.389490
0.925994	0.389490
0.925994	0.389490
0.926932	0.395849
0.926932	0.395849
0.926932	0.395849
0.926932	0.395849
0.926932	0.395849
0.929599	0.402996
0.927806	0.402219
0.926013	0.401441
0.927806	0.402219
0.927806	0.402219
0.928614	0.408600
0.928614	0.408600
0.928614	0.408600
0.928614	0.408600
0.928614	0.408600
0.929357	0.414992
0.929357	0.414992
0.929357	0.414992
0.929357	0.414992
0.929357	0.414992
0.930034	0.421393
0.930034	0.421393
0.928248	0.420584
0.930034	0.421393
0.930034	0.421393
0.930645	0.427803
0.930645	0.427803
0.926513	0.425903
0.930645	0.427803
0.930645	0.427803
0.928857	0.433133
0.928857	0.433133
0.927077	0.432303
0.928857	0.433133
0.928857	0.433133
0.929353	0.439551
0.927576	0.438711
0.927576	0.438711
0.929353	0.439551
0.929353	0.439551
0.929783	0.445976
0.928009	0.445125
0.928009	0.445125
0.928009	0.445125
0.928375	0.451546
0.535557	0.401742
0.536354	0.402340
0.536510	0.402458
0.535244	0.406088
0.534380	0.405433
0.533586	0.404830
0.534380	0.405433
0.534380	0.405433
0.532471	0.408580
0.531624	0.407930
0.532416	0.408537
0.529546	0.410943
