1.382063 0.147358 -0.235726
1.276070	-0.261069
1.279770	-0.261826
1.283069	-0.255218
1.286776	-0.255956
1.279364	-0.254481
1.283069	-0.255218
1.286328	-0.248581
1.284472	-0.248222
1.291921	-0.249662
1.282617	-0.247864
1.286328	-0.248581
1.291419	-0.242266
1.289560	-0.241917
1.295139	-0.242964
1.289006	-0.234542
1.292729	-0.235220
1.290867	-0.234881
1.292128	-0.227837
1.292128	-0.227837
1.293992	-0.228166
1.290264	-0.227508
1.292128	-0.227837
1.295209	-0.221103
1.295209	-0.221103
1.297075	-0.221422
1.293342	-0.220784
1.295209	-0.221103
1.294485	-0.213720
1.300092	-0.214646
1.296354	-0.214029
1.296379	-0.214033
1.300092	-0.214646
1.297469	-0.206950
1.297469	-0.206950
1.299340	-0.207248
1.297469	-0.206950
1.297469	-0.206950
1.298537	-0.199864
1.298537	-0.199864
1.300410	-0.200152
1.300410	-0.200152
1.298537	-0.199864
1.301434	-0.193049
1.301434	-0.193049
1.303309	-0.193328
1.301434	-0.193049
1.301434	-0.193049
1.302410	-0.185940
1.302410	-0.185940
1.302410	-0.185940
1.304222	-0.186199
1.302410	-0.185940
1.305145	-0.179073
1.303265	-0.178815
1.305145	-0.179073
1.307026	-0.179331
1.305145	-0.179073
1.307903	-0.172189
1.306020	-0.171941
1.307903	-0.172189
1.306020	-0.171941
1.307903	-0.172189
1.306849	-0.164803
1.306849	-0.164803
1.308733	-0.165041
1.308733	-0.165041
1.306849	-0.164803
1.309515	-0.157889
1.309515	-0.157889
1.311401	-0.158116
1.309515	-0.157889
1.309515	-0.157889
1.310250	-0.150732
1.310250	-0.150732
1.310250	-0.150732
1.312023	-0.150936
1.310250	-0.150732
1.312703	-0.143764
1.314594	-0.143971
1.312703	-0.143764
1.314594	-0.143971
1.312703	-0.143764
1.315228	-0.136786
1.315228	-0.136786
1.315228	-0.136786
1.315228	-0.136786
1.315228	-0.136786
1.315814	-0.129596
1.317708	-0.129783
1.315814	-0.129596
1.317708	-0.129783
1.315814	-0.129596
1.318091	-0.122566
1.318248	-0.122580
1.318091	-0.122566
1.318248	-0.122580
1.316195	-0.122389
1.320472	-0.115526
1.318574	-0.115360
1.320472	-0.115526
1.318574	-0.115360
1.318574	-0.115360
1.320908	-0.108308
1.320908	-0.108308
1.320908	-0.108308
1.320908	-0.108308
1.320908	-0.108308
1.323198	-0.101234
1.323198	-0.101234
1.323198	-0.101234
1.323198	-0.101234
1.325099	-0.101379
1.327146	-0.094258
1.327146	-0.094258
1.323539	-0.094002
1.325242	-0.094123
1.327146	-0.094258
1.325528	-0.086879
1.329337	-0.087129
1.325528	-0.086879
1.327432	-0.087004
1.329337	-0.087129
1.327671	-0.079750
1.327671	-0.079750
1.327671	-0.079750
1.327671	-0.079750
1.327671	-0.079750
1.329768	-0.072599
1.329534	-0.072587
1.329768	-0.072599
1.329534	-0.072587
1.329768	-0.072599
1.329667	-0.065322
1.331576	-0.065416
1.329667	-0.065322
1.331576	-0.065416
1.333486	-0.065510
1.331662	-0.058142
1.333573	-0.058225
1.331662	-0.058142
1.333573	-0.058225
1.331662	-0.058142
1.333611	-0.050941
1.335523	-0.051014
1.333611	-0.050941
1.335523	-0.051014
1.333611	-0.050941
1.335236	-0.043711
1.335513	-0.043720
1.335513	-0.043720
1.335513	-0.043720
1.335513	-0.043720
1.337083	-0.036472
1.338997	-0.036525
1.338997	-0.036525
1.337083	-0.036472
1.338997	-0.036525
1.338882	-0.029214
1.340798	-0.029256
1.338882	-0.029214
1.338882	-0.029214
1.340798	-0.029256
1.340635	-0.021938
1.340635	-0.021938
1.340635	-0.021938
1.340635	-0.021938
1.340635	-0.021938
1.343939	-0.014660
1.343939	-0.014660
1.343939	-0.014660
1.343939	-0.014660
1.343939	-0.014660
1.345589	-0.007339
1.345589	-0.007339
1.345589	-0.007339
1.345589	-0.007339
1.345589	-0.007339
1.346846	0.000000
1.347192	0.000000
1.347192	0.000000
1.345272	0.000000
1.347192	0.000000
1.348392	0.007355
1.348392	0.007355
1.350313	0.007365
1.348392	0.007355
1.348392	0.007355
1.349890	0.014726
1.349890	0.014726
1.349890	0.014726
1.349890	0.014726
1.349890	0.014726
1.351340	0.022114
1.351340	0.022114
1.351340	0.022114
1.351340	0.022114
1.351340	0.022114
1.354277	0.029551
1.352352	0.029509
1.354277	0.029551
1.352352	0.029509
1.354277	0.029551
1.355622	0.036978
1.353697	0.036926
1.355622	0.036978
1.353697	0.036926
1.355622	0.036978
1.358428	0.044471
1.358428	0.044471
1.358428	0.044471
1.358428	0.044471
1.358428	0.044471
1.359668	0.051936
1.359668	0.051936
1.359668	0.051936
1.359668	0.051936
1.359668	0.051936
1.360858	0.059416
1.360858	0.059416
1.360858	0.059416
1.360858	0.059416
1.360858	0.059416
1.363477	0.066984
1.363477	0.066984
1.363477	0.066984
1.363477	0.066984
1.363477	0.066984
1.364561	0.074499
1.364561	0.074499
1.364561	0.074499
1.364561	0.074499
1.364561	0.074499
1.365595	0.082029
1.365595	0.082029
1.365595	0.082029
1.365595	0.082029
1.365595	0.082029
1.369952	0.089792
1.368023	0.089665
1.368023	0.089665
1.368023	0.089665
1.368023	0.089665
1.370879	0.097364
1.368949	0.097227
1.368949	0.097227
1.370879	0.097364
1.368949	0.097227
1.373174	0.105058
1.373174	0.105058
1.371244	0.104910
1.373174	0.105058
1.371244	0.104910
1.373991	0.112661
1.373991	0.112661
1.373991	0.112661
1.373991	0.112661
1.372062	0.112503
1.374759	0.120276
1.374759	0.120276
1.374759	0.120276
1.374759	0.120276
1.374759	0.120276
1.376860	0.128031
1.378791	0.128210
1.376860	0.128031
1.378791	0.128210
1.376860	0.128031
1.379448	0.135864
1.379448	0.135864
1.379448	0.135864
1.379448	0.135864
1.377518	0.135674
1.383344	0.143870
1.381414	0.143669
1.381414	0.143669
1.381414	0.143669
1.381414	0.143669
1.383891	0.151561
1.385821	0.151772
1.381961	0.151349
1.385821	0.151772
1.381961	0.151349
1.393444	0.160303
1.397306	0.160747
1.393444	0.160303
1.397306	0.160747
1.382456	0.159039
1.404854	0.169384
1.397738	0.168526
1.401600	0.168992
1.397738	0.168526
1.393876	0.168061
1.414883	0.178428
1.409087	0.177697
1.412951	0.178184
1.407155	0.177453
1.405224	0.177210
1.422293	0.187249
1.416496	0.186486
1.420361	0.186994
1.418428	0.186740
1.414564	0.186231
1.422543	0.195181
1.426407	0.195711
1.420611	0.194915
1.418680	0.194650
1.422543	0.195181
1.433675	0.204680
1.435607	0.204956
1.433675	0.204680
1.427878	0.203853
1.433675	0.204680
1.433805	0.212685
1.446660	0.214592
1.433805	0.212685
1.440862	0.213732
1.433805	0.212685
1.446722	0.222672
1.446722	0.222672
1.442859	0.222077
1.448654	0.222969
1.446722	0.222672
1.453761	0.231879
1.459557	0.232803
1.453761	0.231879
1.459557	0.232803
1.455693	0.232187
1.468445	0.242441
1.468445	0.242441
1.464581	0.241804
1.459496	0.240964
1.466513	0.242122
1.492705	0.254818
1.484975	0.253498
1.474108	0.251643
1.468315	0.250654
1.476039	0.251973
1.471257	0.259423
1.484771	0.261806
1.480909	0.261125
1.477048	0.260444
1.477048	0.260444
1.471007	0.267659
1.480653	0.269414
1.479904	0.269278
1.480653	0.269414
1.476794	0.268712
1.476485	0.276984
1.477656	0.277203
1.479584	0.277565
1.477656	0.277203
1.479584	0.277565
1.473428	0.284738
1.477282	0.285483
1.475355	0.285110
1.477282	0.285483
1.473428	0.284738
1.473003	0.292999
1.471078	0.292616
1.474928	0.293382
1.471078	0.292616
1.473003	0.292999
1.468675	0.300474
1.469805	0.300705
1.468675	0.300474
1.470599	0.300868
1.470599	0.300868
1.467340	0.308549
1.469263	0.308953
1.469263	0.308953
1.471185	0.309357
1.467340	0.308549
1.466745	0.316787
1.466745	0.316787
1.468666	0.317202
1.464825	0.316372
1.466745	0.316787
1.464176	0.324600
1.465266	0.324842
1.464176	0.324600
1.463347	0.324417
1.464176	0.324600
1.460719	0.332202
1.464554	0.333075
1.462636	0.332639
1.462636	0.332639
1.460719	0.332202
1.459954	0.340414
1.459954	0.340414
1.461870	0.340860
1.458039	0.339967
1.459954	0.340414
1.455308	0.347710
1.456358	0.347961
1.457222	0.348167
1.456358	0.347961
1.457222	0.348167
1.453566	0.355685
1.455478	0.356153
1.453566	0.355685
1.455478	0.356153
1.453566	0.355685
1.452633	0.363866
1.450724	0.363388
1.452633	0.363866
1.450724	0.363388
1.452633	0.363866
1.447831	0.371067
1.449739	0.371556
1.451646	0.372044
1.448840	0.371325
1.447831	0.371067
1.445887	0.378984
1.451604	0.380483
1.445887	0.378984
1.447793	0.379484
1.447793	0.379484
1.444787	0.387130
1.444787	0.387130
1.444787	0.387130
1.446690	0.387640
1.446690	0.387640
1.443632	0.395272
1.442701	0.395017
1.441731	0.394751
1.442701	0.395017
1.443632	0.395272
1.443383	0.403679
1.441484	0.403148
1.443383	0.403679
1.441484	0.403148
1.443383	0.403679
1.442109	0.411817
1.444006	0.412358
1.442109	0.411817
1.445903	0.412900
1.442109	0.411817
1.447397	0.421878
1.442676	0.420502
1.447397	0.421878
1.449292	0.422430
1.447397	0.421878
1.449782	0.431166
1.447889	0.430603
1.449782	0.431166
1.447889	0.430603
1.449782	0.431166
1.448321	0.439344
1.451116	0.440191
1.448321	0.439344
1.451116	0.440191
1.448321	0.439344
1.453363	0.449544
1.453363	0.449544
1.451476	0.448960
1.453363	0.449544
1.451476	0.448960
1.455545	0.458932
1.451775	0.457743
1.455545	0.458932
1.451775	0.457743
1.455545	0.458932
1.454764	0.467424
1.456647	0.468029
1.456647	0.468029
1.454764	0.467424
1.454929	0.476247
1.454929	0.476247
