1.466047 0.229504 0.024342
1.372033	-0.994555
1.338927	-0.970558
1.363749	-0.977249
1.346160	-0.964644
1.371022	-0.971187
1.353365	-0.958679
1.360543	-0.952662
1.351889	-0.935656
1.380735	-0.955620
1.358948	-0.929620
1.402204	-0.959211
1.383883	-0.935639
1.411377	-0.954227
1.392549	-0.930471
1.418544	-0.947841
1.399591	-0.924175
1.419501	-0.926244
1.426529	-0.919776
1.940600	-0.730390
1.946572	-0.720541
1.944737	-0.719862
1.952488	-0.710647
1.950650	-0.709978
1.969401	-0.704663
1.958348	-0.700708
1.956506	-0.700049
1.975228	-0.694619
1.990163	-0.699871
1.962307	-0.690075
1.983003	-0.685223
1.995957	-0.689699
1.962619	-0.666219
2.001693	-0.679483
1.968227	-0.656173
1.968227	-0.656173
2.007371	-0.669223
1.945956	-0.648748
1.973777	-0.646083
1.973777	-0.646083
1.951463	-0.638779
1.981261	-0.636590
1.979397	-0.635991
1.966227	-0.631759
1.956913	-0.628767
1.992445	-0.640183
1.984825	-0.625813
2.009105	-0.633468
1.962305	-0.618712
1.997897	-0.629934
1.990195	-0.615592
2.014519	-0.623116
2.003291	-0.619643
1.995505	-0.605330
2.019874	-0.612722
2.001127	-0.607035
2.008625	-0.609310
2.017753	-0.600081
2.015778	-0.599493
2.006389	-0.596701
2.022968	-0.589641
2.021086	-0.589093
2.011591	-0.586325
2.021086	-0.589093
2.028122	-0.579161
2.026237	-0.578623
2.013047	-0.574856
2.026237	-0.578623
2.033215	-0.568640
2.031327	-0.568112
2.018115	-0.564417
2.031327	-0.568112
2.036357	-0.557561
2.036357	-0.557561
2.024483	-0.518857
2.029224	-0.508294
2.011052	-0.492101
2.033903	-0.497693
2.015635	-0.481586
2.038520	-0.487054
2.027076	-0.484320
2.020157	-0.471035
2.031614	-0.473706
2.036089	-0.463055
2.024616	-0.460446
2.036089	-0.463055
2.040502	-0.452368
2.027098	-0.449397
2.040502	-0.452368
2.038587	-0.451944
2.046756	-0.442057
2.031430	-0.438746
2.044838	-0.441642
2.037596	-0.428460
2.037596	-0.428460
2.049116	-0.430883
2.041795	-0.417728
1.460721	-0.192307
1.466330	-0.193046
1.463545	-0.184564
1.469153	-0.185271
1.468105	-0.177010
1.471926	-0.177471
1.468914	-0.168985
1.468914	-0.168985
1.474652	-0.169645
1.470827	-0.169205
1.471585	-0.161165
1.471585	-0.161165
1.469671	-0.160955
1.473499	-0.161374
1.468460	-0.152722
1.470376	-0.152921
1.474207	-0.153320
1.472291	-0.153120
1.477880	-0.153702
1.471027	-0.144883
1.474694	-0.145244
1.472776	-0.145055
1.476611	-0.145433
1.474694	-0.145244
1.475287	-0.137183
1.477206	-0.137361
1.475287	-0.137183
1.473368	-0.137004
1.477206	-0.137361
1.471987	-0.128782
1.473908	-0.128950
1.471987	-0.128782
1.475828	-0.129118
1.473908	-0.128950
1.474394	-0.120893
1.476316	-0.121051
1.474394	-0.120893
1.472473	-0.120736
1.476316	-0.121051
1.472906	-0.112687
1.474828	-0.112834
1.474828	-0.112834
1.474828	-0.112834
1.474828	-0.112834
1.471140	-0.104485
1.473064	-0.104622
1.471140	-0.104485
1.475210	-0.104774
1.473064	-0.104622
1.473383	-0.096570
1.475308	-0.096697
1.473383	-0.096570
1.471457	-0.096444
1.475308	-0.096697
1.471722	-0.088403
1.471722	-0.088403
1.471722	-0.088403
1.473648	-0.088519
1.473648	-0.088519
1.473861	-0.080466
1.473861	-0.080466
1.473861	-0.080466
1.471933	-0.080361
1.475789	-0.080571
1.470164	-0.072224
1.472092	-0.072319
1.472092	-0.072319
1.474021	-0.072414
1.472092	-0.072319
1.472198	-0.064278
1.474128	-0.064362
1.474128	-0.064362
1.472198	-0.064278
1.474128	-0.064362
1.470321	-0.056163
1.472251	-0.056236
1.472251	-0.056236
1.471967	-0.056225
1.470036	-0.056152
1.470026	-0.048124
1.471958	-0.048187
1.470026	-0.048124
1.473890	-0.048250
1.471958	-0.048187
1.471896	-0.040150
1.473829	-0.040202
1.471896	-0.040150
1.471896	-0.040150
1.469964	-0.040097
1.469848	-0.032072
1.471782	-0.032114
1.469848	-0.032072
1.473715	-0.032156
1.471782	-0.032114
1.471614	-0.024081
1.471284	-0.024076
1.471614	-0.024081
1.469680	-0.024050
1.469680	-0.024050
1.469459	-0.016030
1.472990	-0.016068
1.469459	-0.016030
1.471055	-0.016047
1.469120	-0.016026
1.468837	-0.008011
1.470772	-0.008022
1.470772	-0.008022
1.472708	-0.008032
1.470772	-0.008022
1.470437	0.000000
1.472373	0.000000
1.472373	0.000000
1.470437	0.000000
1.468501	0.000000
1.470049	0.008018
1.470049	0.008018
1.470049	0.008018
1.471985	0.008029
1.470049	0.008018
1.469223	0.016027
1.471160	0.016049
1.469223	0.016027
1.469608	0.016032
1.469608	0.016032
1.470657	0.024066
1.472596	0.024098
1.470657	0.024066
1.470657	0.024066
1.468719	0.024034
1.470102	0.032078
1.470102	0.032078
1.470102	0.032078
1.472040	0.032120
1.470102	0.032078
1.471432	0.040137
1.471432	0.040137
1.471432	0.040137
1.469493	0.040084
1.469493	0.040084
1.470770	0.048148
1.470770	0.048148
1.470770	0.048148
1.470340	0.048134
1.468401	0.048071
1.467678	0.056062
1.469617	0.056136
1.467678	0.056062
1.471557	0.056210
1.469617	0.056136
1.468841	0.064131
1.470780	0.064216
1.468841	0.064131
1.468841	0.064131
1.468841	0.064131
1.469951	0.072214
1.469951	0.072214
1.469951	0.072214
1.469951	0.072214
1.469951	0.072214
1.470533	0.080285
1.468593	0.080179
1.470533	0.080285
1.469069	0.080205
1.467129	0.080099
1.471530	0.088392
1.469589	0.088275
1.471530	0.088392
1.469589	0.088275
1.469589	0.088275
1.468593	0.096257
1.470533	0.096384
1.468593	0.096257
1.470533	0.096384
1.470533	0.096384
1.468971	0.104331
1.468971	0.104331
1.468971	0.104331
1.469483	0.104367
1.467543	0.104229
1.469799	0.112450
1.469799	0.112450
1.469799	0.112450
1.469799	0.112450
1.467859	0.112302
1.468634	0.120421
1.468634	0.120421
1.468634	0.120421
1.470575	0.120580
1.468634	0.120421
1.469357	0.128552
1.469357	0.128552
1.469357	0.128552
1.469357	0.128552
1.469357	0.128552
1.468086	0.136513
1.471409	0.136822
1.468086	0.136513
1.467529	0.136462
1.467529	0.136462
1.468136	0.144599
1.468136	0.144599
1.468136	0.144599
1.468136	0.144599
1.468136	0.144599
1.468689	0.152746
1.468689	0.152746
1.468689	0.152746
1.466750	0.152544
1.466750	0.152544
1.467250	0.160690
1.467250	0.160690
1.467250	0.160690
1.467250	0.160690
1.467250	0.160690
1.467095	0.168776
1.469033	0.168999
1.467095	0.168776
1.469033	0.168999
1.469033	0.168999
1.467479	0.176935
1.469417	0.177169
1.467479	0.176935
1.467479	0.176935
1.465542	0.176701
1.465873	0.184858
1.467810	0.185102
1.467810	0.185102
1.467181	0.185023
1.465873	0.184858
1.465512	0.192939
1.467449	0.193194
1.467449	0.193194
1.465512	0.192939
1.467449	0.193194
1.465726	0.201106
1.465726	0.201106
1.467662	0.201371
1.465726	0.201106
1.465726	0.201106
1.465887	0.209279
1.465887	0.209279
1.467822	0.209556
1.465887	0.209279
1.465887	0.209279
1.467255	0.217647
1.467255	0.217647
1.467255	0.217647
1.465320	0.217360
1.467255	0.217647
1.467298	0.225839
1.465364	0.225541
1.467298	0.225839
1.465364	0.225541
1.465364	0.225541
1.467286	0.234036
1.465354	0.233728
1.467286	0.234036
1.465354	0.233728
1.465354	0.233728
1.476174	0.243717
1.474241	0.243398
1.476174	0.243717
1.472309	0.243079
1.474241	0.243398
1.476039	0.251973
1.474108	0.251643
1.476039	0.251973
1.477970	0.252302
1.479902	0.252632
1.482840	0.261465
1.480909	0.261125
1.482840	0.261465
1.482840	0.261465
1.484771	0.261806
1.488371	0.270819
1.484512	0.270116
1.491485	0.271385
1.482582	0.269765
1.484512	0.270116
1.495015	0.280460
1.493086	0.280098
1.495015	0.280460
1.489228	0.279374
1.493086	0.280098
1.494629	0.288835
1.492701	0.288462
1.494629	0.288835
1.496557	0.289208
1.492701	0.288462
1.501114	0.298590
1.499187	0.298207
1.501114	0.298590
1.501114	0.298590
1.499187	0.298207
1.511363	0.309207
1.504453	0.307794
1.506379	0.308188
1.500602	0.307006
1.504453	0.307794
1.514626	0.318492
1.512701	0.318087
1.514626	0.318492
1.510776	0.317682
1.512701	0.318087
1.513980	0.326988
1.512056	0.326573
1.513980	0.326988
1.515903	0.327404
1.512056	0.326573
1.520138	0.337007
1.518215	0.336581
1.520138	0.337007
1.523982	0.337859
1.516293	0.336154
1.528124	0.347532
1.525124	0.346850
1.528124	0.347532
1.523204	0.346413
1.525124	0.346850
1.529194	0.356558
1.542630	0.359691
1.531113	0.357006
1.529194	0.356558
1.544550	0.360139
1.528286	0.365146
1.530203	0.365605
1.538925	0.367689
1.525501	0.364481
1.530276	0.374456
1.521575	0.372327
1.530276	0.374456
1.528361	0.373988
1.524530	0.373050
1.523501	0.381618
1.525415	0.382097
1.523501	0.381618
1.527328	0.382576
1.525415	0.382097
1.522416	0.390182
1.519603	0.389461
1.522416	0.390182
1.520505	0.389692
1.519603	0.389461
1.515548	0.397243
1.518456	0.398005
1.515548	0.397243
1.516546	0.397505
1.512728	0.396504
1.509623	0.404503
1.511530	0.405014
1.511530	0.405014
1.515344	0.406035
1.511530	0.405014
1.508371	0.412998
1.510276	0.413519
1.510276	0.413519
1.506467	0.412476
1.504563	0.411955
1.501358	0.419893
1.503259	0.420425
1.501358	0.419893
1.502314	0.420160
1.500412	0.419628
1.497147	0.427533
1.499046	0.428076
1.497147	0.427533
1.500946	0.428618
1.499046	0.428076
1.495727	0.435965
1.497625	0.436518
1.495727	0.435965
1.491934	0.434859
1.491934	0.434859
1.488569	0.442701
1.490463	0.443265
1.488569	0.442701
1.490463	0.443265
1.490463	0.443265
1.482274	0.449643
1.486058	0.450791
1.482274	0.449643
1.485154	0.450517
1.483262	0.449943
1.480692	0.457997
1.484471	0.459166
1.480692	0.457997
1.480692	0.457997
1.478803	0.457413
1.473396	0.464560
1.477168	0.465750
1.473396	0.464560
1.479055	0.466344
1.477168	0.465750
1.468806	0.471936
1.470690	0.472541
1.470690	0.472541
1.473594	0.473474
1.469828	0.472264
1.467061	0.480218
1.468942	0.480834
1.468942	0.480834
1.467061	0.480218
1.465181	0.479603
1.461506	0.487241
1.463383	0.487867
1.461506	0.487241
1.465261	0.488493
1.463383	0.487867
1.459656	0.495487
1.461531	0.496123
1.459656	0.495487
1.459656	0.495487
1.461531	0.496123
1.460435	0.504651
1.460435	0.504651
1.460435	0.504651
1.460435	0.504651
1.462306	0.505298
1.460330	0.513547
1.460330	0.513547
1.460330	0.513547
1.458461	0.512890
1.460330	0.513547
1.460947	0.522735
1.460947	0.522735
1.460947	0.522735
1.460947	0.522735
1.460947	0.522735
1.458846	0.530977
1.458846	0.530977
1.458846	0.530977
1.458846	0.530977
1.458846	0.530977
1.458551	0.539896
1.458551	0.539896
1.458551	0.539896
1.456691	0.539208
1.458551	0.539896
1.458937	0.549105
1.458937	0.549105
1.458937	0.549105
1.457080	0.548407
1.458937	0.549105
1.456654	0.557335
1.456654	0.557335
1.456654	0.557335
1.458507	0.558044
1.460360	0.558753
1.456881	0.566550
1.458731	0.567269
