1.794987 0.459510 -0.041357
0.508600	-0.436308
0.514056	-0.436144
0.512844	-0.435115
0.518306	-0.434910
0.517087	-0.433888
0.522556	-0.433641
0.521331	-0.432625
0.513233	-0.421199
0.508915	-0.417656
0.526805	-0.432338
0.511342	-0.419648
0.517420	-0.419934
0.513083	-0.416414
0.517420	-0.419934
0.521606	-0.418633
0.517250	-0.415137
0.521606	-0.418633
0.525792	-0.417298
0.521417	-0.413826
0.525792	-0.417298
0.522648	-0.414803
0.529976	-0.415928
0.529976	-0.415928
0.525583	-0.412480
0.528736	-0.414955
0.528506	-0.410136
0.534159	-0.414523
0.539830	-0.418924
0.529748	-0.411100
0.532913	-0.413556
0.532663	-0.408727
0.538340	-0.413083
0.545962	-0.418932
0.535838	-0.411163
0.541521	-0.415524
0.550172	-0.417414
0.550172	-0.417414
0.552707	-0.419337
0.552707	-0.419337
0.550172	-0.417414
0.554379	-0.415861
0.558864	-0.419226
0.558864	-0.419226
0.558864	-0.419226
0.554379	-0.415861
0.559861	-0.415221
0.563085	-0.417612
0.563085	-0.417612
0.563085	-0.417612
0.558582	-0.414273
0.571832	-0.419285
0.567304	-0.415964
0.566016	-0.415020
0.566016	-0.415020
0.566016	-0.415020
0.571518	-0.414281
0.570225	-0.413343
0.570225	-0.413343
0.568933	-0.412407
0.571836	-0.409772
0.575729	-0.412562
0.574430	-0.411631
0.571836	-0.409772
0.573132	-0.410701
0.576025	-0.408037
0.577327	-0.408959
0.578630	-0.409883
0.576025	-0.408037
0.577327	-0.408959
0.587419	-0.411315
0.581517	-0.407182
0.581517	-0.407182
1.790374	0.000000
1.778192	0.009699
1.791918	0.009774
1.785555	0.019478
1.779672	0.019414
1.779672	0.019414
1.793400	0.019564
1.781090	0.029146
1.788517	0.029268
1.781090	0.029146
1.781090	0.029146
1.783979	0.038927
1.789865	0.039055
1.783979	0.038927
1.785265	0.048698
1.785265	0.048698
1.785265	0.048698
1.784526	0.058420
1.786488	0.058484
1.788450	0.058548
1.786488	0.058484
1.785687	0.068209
1.787649	0.068284
1.783725	0.068134
1.789611	0.068359
1.787649	0.068284
1.788274	0.078078
1.786311	0.077992
1.786311	0.077992
1.792199	0.078249
1.788274	0.078078
1.791263	0.087999
1.787338	0.087807
1.787338	0.087807
1.789301	0.087903
1.789301	0.087903
1.792227	0.097848
1.782417	0.097312
1.790265	0.097741
1.790265	0.097741
1.790265	0.097741
1.787242	0.107356
1.783319	0.107120
1.791166	0.107592
1.783319	0.107120
1.788694	0.107443
1.789524	0.117292
1.787562	0.117163
1.784158	0.116940
1.784158	0.116940
1.789524	0.117292
1.790290	0.127152
1.786367	0.126873
1.788329	0.127013
1.786367	0.126873
1.786367	0.126873
1.787071	0.136724
1.787071	0.136724
1.789032	0.136874
1.787071	0.136724
1.787071	0.136724
1.787712	0.146584
1.787712	0.146584
1.791634	0.146906
1.787712	0.146584
1.791634	0.146906
1.789685	0.156577
1.787724	0.156406
1.789685	0.156577
1.786330	0.156284
1.787724	0.156406
1.788230	0.166283
1.788230	0.166283
1.790190	0.166465
1.786270	0.166101
1.788230	0.166283
1.788672	0.176169
1.788672	0.176169
1.788672	0.176169
1.786712	0.175976
1.786712	0.175976
1.787091	0.185860
1.788448	0.186002
1.788448	0.186002
1.789050	0.186064
1.787091	0.185860
1.786795	0.195686
1.788753	0.195901
1.788753	0.195901
1.788753	0.195901
1.788753	0.195901
1.787038	0.205582
1.787038	0.205582
1.788995	0.205807
1.788995	0.205807
1.787038	0.205582
1.787217	0.215486
1.787217	0.215486
1.789173	0.215722
1.787217	0.215486
1.787217	0.215486
1.787332	0.225396
1.787332	0.225396
1.789287	0.225643
1.787332	0.225396
1.789287	0.225643
1.788681	0.235485
1.788681	0.235485
1.788681	0.235485
1.788681	0.235485
1.788681	0.235485
1.788658	0.245413
1.788658	0.245413
1.788658	0.245413
1.788658	0.245413
1.788658	0.245413
1.788571	0.255348
1.788571	0.255348
1.788571	0.255348
1.788571	0.255348
1.788571	0.255348
1.790371	0.265577
1.788420	0.265287
1.788420	0.265287
1.788420	0.265287
1.788420	0.265287
1.789453	0.275423
1.791404	0.275724
1.789453	0.275423
1.787502	0.275123
1.791404	0.275724
1.789163	0.285376
1.791112	0.285687
1.791112	0.285687
1.787213	0.285066
1.791112	0.285687
1.790756	0.295655
1.790027	0.295535
1.790756	0.295655
1.790756	0.295655
1.790027	0.295535
1.791545	0.305832
1.789598	0.305500
1.791545	0.305832
1.791545	0.305832
1.789598	0.305500
1.791050	0.315811
1.791050	0.315811
1.791050	0.315811
1.791050	0.315811
1.791050	0.315811
1.790490	0.325791
1.790490	0.325791
1.790490	0.325791
1.788546	0.325437
1.790490	0.325791
1.789865	0.335773
1.789865	0.335773
1.789865	0.335773
1.787922	0.335408
1.789865	0.335773
1.790334	0.345980
1.790334	0.345980
1.790334	0.345980
1.790334	0.345980
1.790334	0.345980
1.789569	0.355968
1.789569	0.355968
1.789569	0.355968
1.789569	0.355968
1.789569	0.355968
1.788739	0.365956
1.788739	0.365956
1.790677	0.366352
1.788739	0.365956
1.788739	0.365956
1.788963	0.376179
1.790900	0.376586
1.790900	0.376586
1.788963	0.376179
1.790900	0.376586
1.789927	0.386587
1.789927	0.386587
1.789927	0.386587
1.789927	0.386587
1.789927	0.386587
1.788890	0.396588
1.788890	0.396588
1.788890	0.396588
1.788890	0.396588
1.788890	0.396588
1.787788	0.406586
1.787788	0.406586
1.787788	0.406586
1.787788	0.406586
1.787788	0.406586
1.789617	0.417280
1.787688	0.416830
1.789617	0.417280
1.797333	0.419079
1.789617	0.417280
1.788372	0.427288
1.794152	0.428669
1.792225	0.428208
1.796079	0.429129
1.790298	0.427748
1.794759	0.439175
1.792835	0.438704
1.790910	0.438233
1.788985	0.437762
1.788985	0.437762
1.794402	0.449475
1.796325	0.449956
1.792480	0.448993
1.798248	0.450438
1.792480	0.448993
1.796782	0.460500
1.794862	0.460008
1.796782	0.460500
1.796782	0.460500
1.800623	0.461484
1.795251	0.470557
1.807759	0.473835
1.795251	0.470557
1.795251	0.470557
1.799087	0.471562
1.806137	0.483953
1.813802	0.486007
1.813802	0.486007
1.806137	0.483953
1.813802	0.486007
1.821672	0.498780
1.812103	0.496160
1.819758	0.498256
1.819758	0.498256
1.828386	0.500619
1.830413	0.511922
1.824678	0.510318
1.832325	0.512456
1.832325	0.512456
1.838060	0.514060
1.828545	0.522169
1.836181	0.524350
1.830454	0.522714
1.830454	0.522714
1.836181	0.524350
1.840888	0.536570
1.846608	0.538237
1.840888	0.536570
1.840888	0.536570
1.844701	0.537682
1.848376	0.549708
1.844568	0.548576
1.854089	0.551407
1.854089	0.551407
1.854089	0.551407
1.846263	0.560058
1.856674	0.563216
1.851967	0.561788
1.851967	0.561788
1.851967	0.561788
1.860164	0.575372
1.854468	0.573610
1.867760	0.577722
1.867760	0.577722
1.858266	0.574785
1.848403	0.582800
1.852194	0.583995
1.861673	0.586984
1.850299	0.583397
1.857882	0.585788
1.846068	0.593152
1.860181	0.597687
1.854502	0.595862
1.847961	0.593760
1.848823	0.594037
1.853966	0.606865
1.846406	0.604390
1.852076	0.606246
1.853966	0.606865
1.846406	0.604390
1.843922	0.614732
1.843922	0.614732
1.843922	0.614732
1.843922	0.614732
1.842036	0.614103
1.841371	0.625061
1.839488	0.624422
1.841371	0.625061
1.841371	0.625061
1.839488	0.624422
1.834993	0.634079
1.835801	0.634358
1.836873	0.634728
1.836873	0.634728
1.834993	0.634079
1.829357	0.643322
1.833111	0.644642
1.829357	0.643322
1.829357	0.643322
1.829357	0.643322
1.826607	0.653571
1.824734	0.652900
1.826607	0.653571
1.826607	0.653571
1.826607	0.653571
1.821920	0.663125
1.821920	0.663125
1.820050	0.662444
1.821920	0.663125
1.820050	0.662444
1.817928	0.672923
1.817174	0.672644
1.814195	0.671541
1.814195	0.671541
1.816061	0.672232
1.814974	0.683108
1.813111	0.682407
1.811248	0.681706
1.811248	0.681706
1.813111	0.682407
1.806375	0.691143
1.810094	0.692566
1.806375	0.691143
1.808235	0.691854
1.806375	0.691143
1.802155	0.700820
1.805156	0.701987
1.803300	0.701265
1.800299	0.700098
1.802155	0.700820
1.799006	0.710916
1.800859	0.711648
1.787194	0.706248
1.797154	0.710184
1.799006	0.710916
1.799489	0.722478
1.797641	0.721736
1.795792	0.720994
1.793944	0.720252
1.797641	0.721736
1.796201	0.732559
1.794356	0.731807
1.792512	0.731054
1.790667	0.730302
1.794356	0.731807
1.794688	0.743384
1.791006	0.741859
1.794688	0.743384
1.794688	0.743384
1.796528	0.744147
1.797424	0.756029
1.793750	0.754484
1.799261	0.756802
1.797424	0.756029
1.799261	0.756802
1.793912	0.766094
1.795745	0.766877
1.795745	0.766877
1.793912	0.766094
1.795745	0.766877
1.792163	0.776931
0.519800	0.398856
0.519747	0.398816
0.519747	0.398816
0.520483	0.399381
0.517665	0.401723
0.517665	0.401723
0.517665	0.401723
0.517665	0.401723
0.516964	0.401179
0.513271	0.402818
0.513271	0.402818
0.513271	0.402818
0.513235	0.402790
0.514807	0.404023
0.511127	0.405659
0.511127	0.405659
0.511127	0.405659
0.511127	0.405659
0.511127	0.405659
0.519964	0.426723
0.519964	0.426723
0.519191	0.426089
0.518418	0.425454
0.516799	0.428865
0.517569	0.429503
0.516799	0.428865
0.516823	0.428884
0.516799	0.428865
0.513598	0.430960
0.514363	0.431602
0.514363	0.431602
0.513598	0.430960
0.514363	0.431602
0.511204	0.433724
0.511122	0.433655
0.510360	0.433008
0.511204	0.433724
0.511164	0.433691
0.507945	0.435747
