1.252820 0.497197 0.381132
1.396494	0.091531
1.397412	0.099248
1.388105	0.106200
1.399700	0.107087
1.395834	0.106791
1.390845	0.114043
1.388913	0.113884
1.396642	0.114518
1.391602	0.121749
1.389670	0.121580
1.396859	0.122209
1.397398	0.122256
1.396859	0.122209
1.392308	0.129467
1.390376	0.129287
1.397556	0.129955
1.403354	0.130494
1.397556	0.129955
1.402066	0.138092
1.398201	0.137711
1.398201	0.137711
1.403999	0.138282
1.398201	0.137711
1.398221	0.145417
1.398795	0.145477
1.398795	0.145477
1.405952	0.146221
1.398795	0.145477
1.398755	0.153189
1.392959	0.152554
1.391613	0.152407
1.400687	0.153400
1.404552	0.153824
1.391512	0.160081
1.393444	0.160303
1.389581	0.159858
1.401169	0.161192
1.397306	0.160747
1.391946	0.167828
1.390015	0.167595
1.390015	0.167595
1.395807	0.168293
1.397738	0.168526
1.386539	0.174853
1.390398	0.175340
1.386539	0.174853
1.389777	0.175262
1.392328	0.175583
1.382382	0.181994
1.383014	0.182078
1.386240	0.182502
1.390099	0.183010
1.386240	0.182502
1.382656	0.189708
1.378799	0.189179
1.386513	0.190237
1.386513	0.190237
1.386513	0.190237
1.375170	0.196328
1.379024	0.196878
1.386734	0.197979
1.386734	0.197979
1.379024	0.196878
1.375344	0.204013
1.369566	0.203156
1.377270	0.204299
1.377270	0.204299
1.379196	0.204585
1.367768	0.210520
1.369692	0.210816
1.372864	0.211304
1.372864	0.211304
1.373542	0.211408
1.363307	0.217451
1.363996	0.217561
1.369079	0.218372
1.372928	0.218986
1.369079	0.218372
1.363325	0.225086
1.359479	0.224451
1.369094	0.226039
1.361402	0.224769
1.369094	0.226039
1.355606	0.231414
1.359449	0.232070
1.359449	0.232070
1.361370	0.232398
1.359449	0.232070
1.355526	0.239016
1.355526	0.239016
1.354800	0.238888
1.359367	0.239693
1.356721	0.239227
1.349639	0.245575
1.350822	0.245791
1.354661	0.246489
1.354661	0.246489
1.356581	0.246838
1.346799	0.252655
1.350635	0.253375
1.348717	0.253015
1.354471	0.254094
1.350635	0.253375
1.346564	0.260222
1.346564	0.260222
1.348480	0.260592
1.348480	0.260592
1.350397	0.260962
1.342448	0.267030
1.343591	0.267257
1.344363	0.267410
1.345507	0.267638
1.346277	0.267791
1.339419	0.274030
1.343247	0.274813
1.345161	0.275205
1.345161	0.275205
1.343247	0.274813
1.339028	0.281567
1.339028	0.281567
1.339028	0.281567
1.339028	0.281567
1.342852	0.282372
1.334764	0.288281
1.333956	0.288107
1.337778	0.288933
1.337778	0.288933
1.338585	0.289107
1.329640	0.294774
1.333458	0.295621
1.333458	0.295621
1.337277	0.296467
1.335368	0.296044
1.329094	0.302268
1.329094	0.302268
1.332909	0.303136
1.331002	0.302702
1.334817	0.303569
1.326593	0.309318
1.327656	0.309566
1.326593	0.309318
1.327656	0.309566
1.328498	0.309762
1.323193	0.316145
1.327002	0.317055
1.327002	0.317055
1.327002	0.317055
1.325097	0.316600
1.322492	0.323612
1.320590	0.323146
1.322492	0.323612
1.322492	0.323612
1.324394	0.324077
1.317940	0.330127
1.317062	0.329907
1.320864	0.330860
1.320864	0.330860
1.319840	0.330603
1.314358	0.336859
1.316257	0.337345
1.320054	0.338319
1.320054	0.338319
1.318155	0.337832
1.313504	0.344285
1.313504	0.344285
1.313504	0.344285
1.313504	0.344285
1.317297	0.345279
1.308810	0.350695
1.309794	0.350958
1.311689	0.351466
1.311689	0.351466
1.310705	0.351203
1.305049	0.357327
1.308834	0.358364
1.310727	0.358882
1.310727	0.358882
1.308834	0.358364
1.304043	0.364709
1.307824	0.365766
1.305933	0.365237
1.305933	0.365237
1.307824	0.365766
1.301099	0.371549
1.302987	0.372088
1.302043	0.371818
1.302043	0.371818
1.302987	0.372088
1.297158	0.378087
1.299044	0.378637
1.300930	0.379187
1.300930	0.379187
1.302816	0.379736
1.296000	0.385431
1.296914	0.385703
1.297883	0.385991
1.297883	0.385991
1.299767	0.386552
1.293815	0.392475
1.295697	0.393045
1.293815	0.392475
1.297578	0.393616
1.295697	0.393045
1.288792	0.398640
1.292550	0.399802
1.292550	0.399802
1.292550	0.399802
1.294429	0.400383
1.286481	0.405626
1.287482	0.405942
1.289359	0.406534
1.289359	0.406534
1.288358	0.406218
1.285115	0.412915
1.285115	0.412915
1.285115	0.412915
1.286989	0.413517
1.286989	0.413517
1.279956	0.418972
1.283699	0.420198
1.282674	0.419862
1.282674	0.419862
1.283699	0.420198
1.278497	0.426229
1.279333	0.426508
1.281202	0.427131
1.281202	0.427131
1.283071	0.427754
1.275948	0.433126
1.277814	0.433760
1.277814	0.433760
1.279680	0.434393
1.279680	0.434393
1.273327	0.439996
1.274383	0.440361
1.275191	0.440640
1.276246	0.441005
1.275191	0.440640
1.271706	0.447215
1.273567	0.447869
1.273567	0.447869
1.273567	0.447869
1.273567	0.447869
1.270036	0.454426
1.268957	0.454040
1.270036	0.454426
1.270816	0.454705
1.270036	0.454426
1.265377	0.460560
1.267232	0.461235
1.267232	0.461235
1.269086	0.461910
1.269086	0.461910
1.263605	0.467735
1.263605	0.467735
1.265457	0.468421
1.265457	0.468421
1.267308	0.469106
1.259936	0.474207
1.260677	0.474485
1.259936	0.474207
1.260677	0.474485
1.261785	0.474902
1.256956	0.480928
1.258801	0.481634
1.256956	0.480928
1.258801	0.481634
1.260647	0.482340
1.255035	0.488056
1.255035	0.488056
1.255035	0.488056
1.256877	0.488773
1.255747	0.488333
1.255607	0.496180
1.257447	0.496907
1.253768	0.495453
1.253768	0.495453
1.253768	0.495453
1.257248	0.504773
1.255412	0.504036
1.257248	0.504773
1.251740	0.502562
1.255412	0.504036
1.259503	0.513673
1.257670	0.512926
1.257670	0.512926
1.255838	0.512178
1.255838	0.512178
1.257351	0.520812
1.257351	0.520812
1.255522	0.520054
1.255522	0.520054
1.253693	0.519297
1.255800	0.528212
1.257626	0.528980
1.255800	0.528212
1.257626	0.528980
1.257626	0.528980
1.261465	0.538711
1.255364	0.536106
1.259642	0.537933
1.255364	0.536106
1.259642	0.537933
1.264589	0.548220
1.259132	0.545854
1.262770	0.547431
1.260951	0.546643
1.262770	0.547431
1.266436	0.557245
1.262805	0.555647
1.266436	0.557245
1.264620	0.556446
1.266436	0.557245
1.263977	0.564412
1.263977	0.564412
1.263977	0.564412
1.265789	0.565221
1.263977	0.564412
1.267475	0.574286
1.267475	0.574286
1.265667	0.573466
1.269283	0.575105
1.265667	0.573466
1.270876	0.584202
1.264897	0.581453
1.268505	0.583112
1.266701	0.582283
1.268505	0.583112
1.271827	0.593063
1.268227	0.591384
1.270027	0.592224
1.268227	0.591384
1.270027	0.592224
1.273254	0.602204
1.269661	0.600505
1.273254	0.602204
1.269661	0.600505
1.273254	0.602204
1.270481	0.609394
1.272273	0.610254
1.270481	0.609394
1.272273	0.610254
1.270481	0.609394
1.273537	0.619427
1.284267	0.624646
1.271749	0.618557
1.284267	0.624646
1.271749	0.618557
1.270644	0.626612
1.281348	0.631891
1.268860	0.625733
1.281348	0.631891
1.270644	0.626612
1.268189	0.634024
1.264629	0.632245
1.266409	0.633134
1.262850	0.631355
1.268189	0.634024
1.261639	0.639374
1.261639	0.639374
1.259864	0.638475
1.261639	0.639374
1.265189	0.641173
1.255518	0.644903
1.253747	0.643993
1.256830	0.645576
1.253747	0.643993
1.257288	0.645812
1.252431	0.651974
1.250665	0.651055
1.254197	0.652894
1.250665	0.651055
1.254197	0.652894
1.242251	0.655311
1.242251	0.655311
1.244012	0.656240
1.242682	0.655538
1.245773	0.657169
1.235996	0.660654
1.235996	0.660654
1.237752	0.661593
1.239509	0.662532
1.237752	0.661593
1.232786	0.667608
1.232786	0.667608
1.234537	0.668557
1.232786	0.667608
1.234537	0.668557
1.224288	0.671668
1.224682	0.671884
1.226035	0.672626
1.224682	0.671884
1.226035	0.672626
1.217900	0.676831
1.221384	0.678767
1.219642	0.677799
1.221384	0.678767
1.219642	0.677799
1.209720	0.680947
1.209720	0.680947
1.211457	0.681925
1.212828	0.682697
1.211457	0.681925
1.206346	0.687739
1.206346	0.687739
1.208077	0.688726
1.206346	0.687739
1.208077	0.688726
1.199471	0.692515
1.199471	0.692515
1.199471	0.692515
1.198084	0.691714
1.199471	0.692515
1.191181	0.696419
1.191181	0.696419
1.192903	0.697425
1.194624	0.698432
1.192903	0.697425
1.187686	0.703096
1.187686	0.703096
1.189403	0.704112
1.187686	0.703096
1.189403	0.704112
1.180724	0.707699
1.180724	0.707699
1.180724	0.707699
1.181029	0.707882
1.182435	0.708725
1.172328	0.711386
1.177446	0.714492
1.174034	0.712421
1.177446	0.714492
1.175740	0.713457
1.165595	0.716028
1.168717	0.717946
1.167295	0.717072
1.168717	0.717946
1.167295	0.717072
1.161942	0.722542
1.161942	0.722542
1.163637	0.723596
1.161942	0.722542
1.163637	0.723596
1.156555	0.727970
1.156809	0.728129
1.156555	0.727970
1.156809	0.728129
1.154866	0.726906
1.153065	0.734584
1.153065	0.734584
1.153065	0.734584
1.153065	0.734584
1.153065	0.734584
1.149278	0.741014
1.150956	0.742096
1.149278	0.741014
1.150956	0.742096
1.149278	0.741014
1.147340	0.748656
1.147340	0.748656
1.145668	0.747564
1.147340	0.748656
1.147340	0.748656
1.145119	0.756143
1.143452	0.755042
1.145119	0.756143
1.143452	0.755042
1.145119	0.756143
1.143040	0.763755
1.141379	0.762645
1.141379	0.762645
1.141379	0.762645
1.141379	0.762645
1.139046	0.770106
1.139046	0.770106
1.137391	0.768987
1.139046	0.770106
1.137391	0.768987
1.135182	0.776548
1.135182	0.776548
1.135182	0.776548
1.135182	0.776548
1.135182	0.776548
1.132738	0.783980
1.131095	0.782842
1.132738	0.783980
1.131095	0.782842
1.131095	0.782842
1.128751	0.790360
1.128751	0.790360
1.130389	0.791507
1.130389	0.791507
1.124565	0.796605
1.126196	0.797760
